Iteration	CPUTime	PhysTime	Travels	Value	AvValue	MinValue	MaxValue	Delta	Criteria	PrevAvRefValue	Progress	CriteriaType	CriteriaVarType	CriteriaPercentage
1	1	0	0.015669117	-0.05558729	-0.05558729	-0.05558729	-0.05558729	0	0	0	0	0	0	3
2	2	0	0.0313382341	-0.058843308	-0.057215299	-0.058843308	-0.05558729	0.00162800899	0	0	0	0	0	3
3	2	0	0.0470073511	-0.055476505	-0.056635701	-0.058843308	-0.055476505	0.00162800899	0	0	0	0	0	3
4	2	0	0.0626764681	-0.0501630076	-0.0550175276	-0.058843308	-0.0501630076	0.00219777134	0	0	0	0	0	3
5	2	0	0.0783455852	-0.0465598895	-0.053326	-0.058843308	-0.0465598895	0.00388929897	0	0	0	0	0	3
6	2	0	0.0940147022	-0.0431125365	-0.0516237561	-0.058843308	-0.0431125365	0.00559154289	0	0	0	0	0	3
7	3	0	0.109683819	-0.0383207024	-0.0497233198	-0.058843308	-0.0383207024	0.00749197914	0	0	0	0	0	3
8	3	0	0.125352936	-0.0351588605	-0.0479027624	-0.058843308	-0.0351588605	0.00931253655	0	0	0	0	0	3
9	3	0	0.141022053	-0.0316659884	-0.0460986764	-0.058843308	-0.0316659884	0.0111166226	0	0	0	0	0	3
10	4	0	0.15669117	-0.0297500033	-0.0444638091	-0.058843308	-0.0297500033	0.0127514899	0	0	0	0	0	3
11	4	0	0.172360287	-0.02727475	-0.0429011674	-0.058843308	-0.02727475	0.0143141316	0	0	0	0	0	3
12	4	0	0.188029404	-0.0264995074	-0.0415343624	-0.058843308	-0.0264995074	0.0156809366	0	0	0	0	0	3
13	4	0	0.203698521	-0.0250222856	-0.0402642026	-0.058843308	-0.0250222856	0.0169510964	0	0	0	0	0	3
14	4	0	0.219367638	-0.0253087496	-0.039195956	-0.058843308	-0.0250222856	0.018019343	0	0	0	0	0	3
15	5	0	0.235036755	-0.0254785387	-0.0382814615	-0.058843308	-0.0250222856	0.0189338375	0	0	0	0	0	3
16	5	0	0.250705873	-0.0268682744	-0.0375681373	-0.058843308	-0.0250222856	0.0196471617	0	0	0	0	0	3
17	5	0	0.26637499	-0.0282166677	-0.0370180509	-0.058843308	-0.0250222856	0.0201972481	0	0	0	0	0	3
18	5	0	0.282044107	-0.0297602046	-0.0366148372	-0.058843308	-0.0250222856	0.0206004618	0	0	0	0	0	3
19	5	0	0.297713224	-0.0312878135	-0.0363344675	-0.058843308	-0.0250222856	0.0208808315	0	0	0	0	0	3
20	6	0	0.313382341	-0.0329425171	-0.03616487	-0.058843308	-0.0250222856	0.021050429	0	0	0	0	0	3
21	6	0	0.329051458	-0.0353699241	-0.0361270154	-0.058843308	-0.0250222856	0.0210882836	0	0	0	0	0	3
22	6	0	0.344720575	-0.0377601161	-0.0362012473	-0.058843308	-0.0250222856	0.0210882836	0	0	0	0	0	3
23	6	0	0.360389692	-0.0395657819	-0.0363475314	-0.058843308	-0.0250222856	0.0210882836	0	0	0	0	0	3
24	6	0	0.376058809	-0.0417889199	-0.0365742559	-0.058843308	-0.0250222856	0.0210882836	0	0	0	0	0	3
25	7	0	0.391727926	-0.0436599534	-0.0368576838	-0.058843308	-0.0250222856	0.0210882836	0	0	0	0	0	3
26	7	0	0.407397043	-0.0473980659	-0.0372630831	-0.058843308	-0.0250222856	0.0210882836	0	0	0	0	0	3
27	7	0	0.42306616	-0.0502439036	-0.0377438542	-0.058843308	-0.0250222856	0.0210882836	0	0	0	0	0	3
28	7	0	0.438735277	-0.0527501117	-0.038279792	-0.058843308	-0.0250222856	0.0210882836	0	0	0	0	0	3
29	7	0	0.454404394	-0.0551987375	-0.0388632039	-0.058843308	-0.0250222856	0.0210882836	0	0	0	0	0	3
30	8	0	0.470073511	-0.0579564269	-0.0394996447	-0.058843308	-0.0250222856	0.0210882836	0	0	0	0	0	3
31	8	0	0.485742628	-0.0634154781	-0.0402711232	-0.0634154781	-0.0250222856	0.0210882836	0	0	0	0	0	3
32	8	0	0.501411745	-0.0672891148	-0.0411154354	-0.0672891148	-0.0250222856	0.0210882836	0	0	0	0	0	3
33	8	0	0.517080862	-0.0700417985	-0.0415671388	-0.0700417985	-0.0250222856	0.0210882836	0	0	0	0	0	3
34	8	0	0.532749979	-0.0736734656	-0.0420305812	-0.0736734656	-0.0250222856	0.0205086856	0	0	0	0	0	3
35	9	0	0.548419096	-0.0768054625	-0.0426971112	-0.0768054625	-0.0250222856	0.0188905122	0	0	0	0	0	3
36	9	0	0.564088213	-0.0851609624	-0.0437907973	-0.0851609624	-0.0250222856	0.0171989846	0	0	0	0	0	3
37	9	0	0.57975733	-0.0904823247	-0.0451633734	-0.0904823247	-0.0250222856	0.0154967407	0	0	0	0	0	3
38	9	0	0.595426447	-0.0951544633	-0.0467896836	-0.0951544633	-0.0250222856	0.0135963044	0	0	0	0	0	3
39	10	0	0.611095564	-0.0974312706	-0.0486368888	-0.0974312706	-0.0250222856	0.0125098734	0	0	0	0	0	3
40	10	0	0.626764681	-0.104530904	-0.0508047652	-0.104530904	-0.0250222856	0.0146777498	0	0	0	0	0	3
41	10	0	0.642433798	-0.116564024	-0.0534578288	-0.116564024	-0.0250222856	0.0173308134	0	0	0	0	0	3
42	10	0	0.658102915	-0.125424456	-0.0564476554	-0.125424456	-0.0250222856	0.02032064	0	0	0	0	0	3
43	11	0	0.673772032	-0.128926474	-0.0596242718	-0.128926474	-0.0250222856	0.0234972564	0	0	0	0	0	3
44	11	0	0.689441149	-0.135626877	-0.0630345021	-0.135626877	-0.0250222856	0.0269074867	0	0	0	0	0	3
45	11	0	0.705110266	-0.141080425	-0.066661319	-0.141080425	-0.0253087496	0.0305343036	0	0	0	0	0	3
46	12	0	0.720779384	-0.148369965	-0.070506982	-0.148369965	-0.0254785387	0.0343799665	0	0	0	0	0	3
47	12	0	0.736448501	-0.153690966	-0.0745136203	-0.153690966	-0.0268682744	0.0383866049	0	0	0	0	0	3
48	12	0	0.752117618	-0.161725264	-0.0787279013	-0.161725264	-0.0282166677	0.0426008858	0	0	0	0	0	3
49	29	0	0.767786735	-0.168741235	-0.083119294	-0.168741235	-0.0297602046	0.0469922785	0	0	0	0	0	3
50	29	0	0.783455852	-0.175671826	-0.0876790321	-0.175671826	-0.0312878135	0.0515520167	0	0	0	0	0	3
51	30	0	0.799124969	-0.183480752	-0.0924350615	-0.183480752	-0.0329425171	0.0563080461	0	0	0	0	0	3
52	30	0	0.814794086	-0.191580677	-0.097392504	-0.191580677	-0.0353699241	0.0612654886	0	0	0	0	0	3
53	30	0	0.830463203	-0.197913127	-0.102471979	-0.197913127	-0.0377601161	0.0662707318	0	0	0	0	0	3
54	31	0	0.84613232	-0.210466969	-0.107869068	-0.210466969	-0.0395657819	0.0715215368	0	0	0	0	0	3
55	31	0	0.861801437	-0.207129459	-0.113105433	-0.210466969	-0.0417889199	0.0765311772	0	0	0	0	0	3
56	31	0	0.877470554	-0.227110573	-0.118896735	-0.227110573	-0.0436599534	0.082039051	0	0	0	0	0	3
57	31	0	0.893139671	-0.235179544	-0.124881722	-0.235179544	-0.0473980659	0.0876186389	0	0	0	0	0	3
58	32	0	0.908808788	-0.236156355	-0.130780418	-0.236156355	-0.0502439036	0.0930365642	0	0	0	0	0	3
59	32	0	0.924477905	-0.243201109	-0.136810331	-0.243201109	-0.0527501117	0.0985305391	0	0	0	0	0	3
60	32	0	0.940147022	-0.25900344	-0.143255748	-0.25900344	-0.0551987375	0.104392544	0	0	0	0	0	3
61	33	0	0.955816139	-0.274635052	-0.150113132	-0.274635052	-0.0579564269	0.110613488	0	0	0	0	0	3
62	33	0	0.971485256	-0.283857029	-0.157172526	-0.283857029	-0.0634154781	0.116901403	0	0	0	0	0	3
63	33	0	0.987154373	-0.289679735	-0.164243284	-0.289679735	-0.0672891148	0.123127849	0	0	0	0	0	3
64	33	0	1.00282349	-0.298552679	-0.171470271	-0.298552679	-0.0700417985	0.129903132	0.00820591179	0	6.3	0	0	3
65	34	0	1.01849261	-0.312898258	-0.179059535	-0.312898258	-0.0736734656	0.137028954	0.00863627918	0	6.3	0	0	3
66	34	0	1.03416172	-0.329330188	-0.187048808	-0.329330188	-0.0768054625	0.144351696	0.00888275813	0	6.1	0	0	3
67	34	0	1.04983084	-0.343225341	-0.195374429	-0.343225341	-0.0851609624	0.151583632	0.0091038693	0	6	0	0	3
68	35	0	1.06549996	-0.353286337	-0.203753347	-0.353286337	-0.0904823247	0.158589973	0.00928988237	0	5.8	0	0	3
69	35	0	1.08116908	-0.361578423	-0.2122251	-0.361578423	-0.0951544633	0.165435416	0.00945124272	0	5.7	0	0	3
70	35	0	1.09683819	-0.371511323	-0.220861252	-0.371511323	-0.0974312706	0.172224363	0.00960848079	0	5.5	0	0	3
71	36	0	1.11250731	-0.384928815	-0.22984555	-0.384928815	-0.104530904	0.179040785	0.00977829723	0	5.4	0	0	3
72	36	0	1.12817643	-0.400836306	-0.239105094	-0.400836306	-0.116564024	0.185647265	0.00996531265	0	5.3	0	0	3
73	36	0	1.14384554	-0.416730585	-0.248485299	-0.416730585	-0.125424456	0.192037643	0.01016375	0	5.2	0	0	3
74	36	0	1.15951466	-0.431975305	-0.258065013	-0.431975305	-0.128926474	0.198440741	0.0103682341	0	5.2	0	0	3
75	37	0	1.17518378	-0.447316629	-0.268014705	-0.447316629	-0.135626877	0.204980203	0.0105773792	0	5.1	0	0	3
76	37	0	1.19085289	-0.453572509	-0.277950506	-0.453572509	-0.141080425	0.211289187	0.0107673065	0	5	0	0	3
77	37	0	1.20652201	-0.455144623	-0.287765012	-0.455144623	-0.148369965	0.21725803	0.0109309811	0	5	0	0	3
78	37	0	1.22219113	-0.456775081	-0.297402672	-0.456775081	-0.153690966	0.222889052	0.0110744036	0	4.9	0	0	3
79	38	0	1.23786025	-0.458012757	-0.306912728	-0.458012757	-0.161725264	0.228184827	0.011198399	0	4.9	0	0	3
80	38	0	1.25352936	-0.459316274	-0.316212447	-0.459316274	-0.168741235	0.233093153	0.0113068108	0	4.8	0	0	3
81	38	0	1.26919848	-0.460352556	-0.325325301	-0.460352556	-0.175671826	0.237646269	0.0114015731	0	4.7	0	0	3
82	38	0	1.2848676	-0.460862619	-0.334237513	-0.460862619	-0.183480752	0.241802452	0.0114841104	0	4.7	0	0	3
83	38	0	1.30053671	-0.457611629	-0.342804103	-0.460862619	-0.191580677	0.245411599	0.0115553469	0	4.7	0	0	3
84	39	0	1.31620583	-0.450012804	-0.350880107	-0.460862619	-0.197913127	0.248408128	0.0116158186	0	4.6	0	0	3
85	39	0	1.33187495	-0.437114317	-0.358355144	-0.460862619	-0.207129459	0.250486076	0.0116671165	0	4.6	0	0	3
86	39	0	1.34754406	-0.422440338	-0.364979312	-0.460862619	-0.207129459	0.251873879	0.0117112887	0	4.6	0	0	3
87	39	0	1.36321318	-0.409368996	-0.371299298	-0.460862619	-0.227110573	0.233752046	0.0117487201	0	5	0	0	3
88	39	0	1.3788823	-0.402492994	-0.376779998	-0.460862619	-0.235179544	0.225683075	0.0117806934	0	5.2	0	0	3
89	40	0	1.39455142	-0.400475233	-0.381945489	-0.460862619	-0.236156355	0.224706264	0.0118056232	0	5.2	0	0	3
90	40	0	1.41022053	-0.401613293	-0.387116018	-0.460862619	-0.243201109	0.21766151	0.0118253516	0	5.4	0	0	3
91	40	0	1.42588965	-0.404231303	-0.392148212	-0.460862619	-0.25900344	0.201859179	0.0118408339	0	5.8	0	0	3
92	40	0	1.44155877	-0.40820975	-0.396810909	-0.460862619	-0.274635052	0.186227567	0.0118525869	0	6.3	0	0	3
93	40	0	1.45722788	-0.413015575	-0.4011353	-0.460862619	-0.283857029	0.17700559	0.0118606765	0	6.7	0	0	3
94	41	0	1.472897	-0.417768278	-0.405320027	-0.460862619	-0.289679735	0.171182884	0.0118627677	0	6.9	0	0	3
95	41	0	1.48856612	-0.421702265	-0.409445731	-0.460862619	-0.298552679	0.16230994	0.0118609754	0	7.3	0	0	3
96	41	0	1.50423524	-0.424180499	-0.4133716	-0.460862619	-0.312898258	0.147964361	0.0118567144	0	8	0	0	3
97	41	0	1.51990435	-0.42470871	-0.416865677	-0.460862619	-0.329330188	0.131532431	0.0118494102	0	9	0	0	3
98	41	0	1.53557347	-0.422454244	-0.419775803	-0.460862619	-0.343225341	0.117637278	0.0118397721	0	10	0	0	3
99	42	0	1.55124259	-0.418004122	-0.42211264	-0.460862619	-0.353286337	0.107576282	0.0118235229	0	10.9	0	0	3
100	42	0	1.5669117	-0.413503218	-0.423994418	-0.460862619	-0.361578423	0.099284196	0.0118037419	0	11.8	0	0	3
101	42	0	1.58258082	-0.410606033	-0.425526531	-0.460862619	-0.371511323	0.0893512957	0.011781242	0	13.1	0	0	3
102	43	0	1.59824994	-0.410211631	-0.426735915	-0.460862619	-0.384928815	0.0759338036	0.0117581288	0	15.4	0	0	3
103	43	0	1.61391905	-0.411586678	-0.427568973	-0.460862619	-0.400475233	0.0603873861	0.0117307397	0	19.4	0	0	3
104	43	0	1.62958817	-0.413625105	-0.427968623	-0.460862619	-0.400475233	0.0603873861	0.0116956951	0	19.3	0	0	3
105	43	0	1.64525729	-0.415862586	-0.427941498	-0.460862619	-0.400475233	0.0603873861	0.0116558768	0	19.3	0	0	3
106	43	0	1.66092641	-0.417811549	-0.427498881	-0.460862619	-0.400475233	0.0603873861	0.0116154532	0	19.2	0	0	3
107	44	0	1.67659552	-0.419096067	-0.426616989	-0.460862619	-0.400475233	0.0603873861	0.011572235	0	19.1	0	0	3
108	44	0	1.69226464	-0.419219309	-0.425543451	-0.460862619	-0.400475233	0.0603873861	0.011527263	0	19	0	0	3
109	44	0	1.70793376	-0.417977095	-0.424381966	-0.460862619	-0.400475233	0.0603873861	0.01147943	0	19	0	0	3
110	44	0	1.72360287	-0.416063387	-0.423109725	-0.460862619	-0.400475233	0.0603873861	0.0114302065	0	18.9	0	0	3
111	44	0	1.73927199	-0.414367688	-0.421745817	-0.460862619	-0.400475233	0.0603873861	0.0113779494	0	18.8	0	0	3
112	45	0	1.75494111	-0.413751423	-0.420321915	-0.460862619	-0.400475233	0.0603873861	0.0113234846	0	18.7	0	0	3
113	45	0	1.77061022	-0.41419695	-0.418879553	-0.460862619	-0.400475233	0.0603873861	0.0112669997	0	18.6	0	0	3
114	45	0	1.78627934	-0.415128192	-0.417450352	-0.457611629	-0.400475233	0.057136396	0.0112080889	0	19.6	0	0	3
115	45	0	1.80194846	-0.416113422	-0.416153533	-0.450012804	-0.400475233	0.0495375709	0.0111467235	0	22.5	0	0	3
116	45	0	1.81761758	-0.416931507	-0.415119742	-0.437114317	-0.400475233	0.0366390844	0.0110840651	0	30.2	0	0	3
117	46	0	1.83328669	-0.417232586	-0.414498438	-0.42470871	-0.400475233	0.0242334772	0.0110185544	0	45.4	0	0	3
118	46	0	1.84895581	-0.416845189	-0.41432359	-0.42470871	-0.400475233	0.0242334772	0.0109554699	0	45.2	0	0	3
119	46	0	1.86462493	-0.415913187	-0.414528096	-0.42470871	-0.400475233	0.0242334772	0.0108837807	0	44.9	0	0	3
120	46	0	1.88029404	-0.415006388	-0.414919139	-0.42470871	-0.400475233	0.0242334772	0.0108103291	0	44.6	0	0	3
121	46	0	1.89596316	-0.414664425	-0.415362552	-0.42470871	-0.401613293	0.0230954169	0.0107389406	0	46.4	0	0	3
122	47	0	1.91163228	-0.414929008	-0.415778668	-0.42470871	-0.404231303	0.0204774066	0.01066637	0	52	0	0	3
123	47	0	1.9273014	-0.41550494	-0.416130969	-0.42470871	-0.40820975	0.0164989603	0.0105882244	0	64.1	0	0	3
124	47	0	1.94297051	-0.416067448	-0.416376522	-0.42470871	-0.410211631	0.0144970786	0.0105048677	0	72.4	0	0	3
125	47	0	1.95863963	-0.416362794	-0.416481123	-0.42470871	-0.410211631	0.0144970786	0.0104197087	0	71.8	0	0	3
126	47	0	1.97430875	-0.416149821	-0.416430546	-0.42470871	-0.410211631	0.0144970786	0.0103344793	0	71.2	0	0	3
127	48	0	1.98997786	-0.415563153	-0.416238699	-0.42470871	-0.410211631	0.0144970786	0.0102477304	0	70.6	0	0	3
128	48	0	2.00564698	-0.415065208	-0.415953846	-0.42470871	-0.410211631	0.0136450336	0.0101569679	0	74.4	0	0	3
129	48	0	2.0213161	-0.414915244	-0.4156478	-0.422454244	-0.410211631	0.0122426125	0.0100614142	0	82.1	0	0	3
130	48	0	2.03698521	-0.415148811	-0.415419505	-0.419219309	-0.410211631	0.00900767785	0.00996243999	0	100	0	0	3
131	48	0	2.05265433	-0.415532635	-0.415342271	-0.419219309	-0.410211631	0.00900767785	0.00986191534	0	100	0	0	3
132	49	0	2.06832345	-0.415844686	-0.415415442	-0.419219309	-0.410211631	0.00900767785	0.00976068902	0	100	0	0	3
133	49	0	2.08399257	-0.415852556	-0.415579396	-0.419219309	-0.410211631	0.00900767785	0.00965807815	0	100	0	0	3
134	49	0	2.09966168	-0.415647019	-0.415749252	-0.419219309	-0.411586678	0.00763263117	0.00955264866	0	100	0	0	3
135	49	0	2.1153308	-0.415330855	-0.415866257	-0.419219309	-0.413625105	0.00559420425	0.00944362011	0	100	0	0	3
136	49	0	2.13099992	-0.415118838	-0.415912936	-0.419219309	-0.413751423	0.00546788605	0.00933762013	0	100	0	0	3
137	50	0	2.14666903	-0.415130779	-0.415890067	-0.419219309	-0.413751423	0.00546788605	0.00923452426	0	100	0	0	3
138	50	0	2.16233815	-0.415285242	-0.41581112	-0.419219309	-0.413751423	0.00546788605	0.00913421477	0	100	0	0	3
139	50	0	2.17800727	-0.415409462	-0.415695914	-0.419219309	-0.413751423	0.00546788605	0.00903658019	0	100	0	0	3
140	50	0	2.19367638	-0.415501	-0.415579717	-0.417977095	-0.413751423	0.00422567146	0.00894151495	0	100	0	0	3
141	51	0	2.2093455	-0.415467006	-0.415501276	-0.417232586	-0.413751423	0.00348116301	0.00884891893	0	100	0	0	3
142	51	0	2.22501462	-0.415347287	-0.415478898	-0.417232586	-0.413751423	0.00348116301	0.00875869717	0	100	0	0	3
143	51	0	2.24068374	-0.415237324	-0.415506075	-0.417232586	-0.413751423	0.00348116301	0.0086707595	0	100	0	0	3
144	51	0	2.25635285	-0.415223241	-0.415552069	-0.417232586	-0.41419695	0.00303563663	0.00858502028	0	100	0	0	3
145	51	0	2.27202197	-0.415275975	-0.415585788	-0.417232586	-0.414664425	0.00256816167	0.00850139807	0	100	0	0	3
146	52	0	2.28769109	-0.415380263	-0.415593666	-0.417232586	-0.414664425	0.00215753267	0.00841862605	0	100	0	0	3
147	52	0	2.3033602	-0.415402813	-0.415571459	-0.417232586	-0.414664425	0.00215753267	0.00833510196	0	100	0	0	3
148	52	0	2.31902932	-0.415456502	-0.415525365	-0.417232586	-0.414664425	0.00215753267	0.00824895995	0	100	0	0	3
149	52	0	2.33469844	-0.415552928	-0.415472876	-0.416845189	-0.414664425	0.00215753267	0.00820591179	0	100	0	0	3
150	52	0	2.35036755	-0.415605991	-0.415434151	-0.416362794	-0.414664425	0.00169836957	0.00820591179	0	100	0	0	3
151	53	0	2.36603667	-0.415543074	-0.415422585	-0.416362794	-0.414664425	0.00156198317	0.00820591179	0	100	0	0	3
152	53	0	2.38170579	-0.415567493	-0.415440119	-0.416362794	-0.414664425	0.00113885143	0.00820591179	0	100	0	0	3
153	53	0	2.39737491	-0.415594647	-0.415469189	-0.416362794	-0.414915244	0.00113885143	0.00820591179	0	100	0	0	3
154	53	0	2.41304402	-0.415636094	-0.415491285	-0.416362794	-0.414915244	0.00113885143	0.00820591179	0	100	0	0	3
155	53	0	2.42871314	-0.415678171	-0.415496699	-0.416362794	-0.414915244	0.00113885143	0.00820591179	0	100	0	0	3
156	54	0	2.44438226	-0.41567427	-0.415484412	-0.416362794	-0.414915244	0.00113885143	0.00820591179	0	100	0	0	3
157	54	0	2.46005137	-0.415612157	-0.415460955	-0.416149821	-0.414915244	0.00108827464	0.00820591179	0	100	0	0	3
158	54	0	2.47572049	-0.415602076	-0.415443838	-0.415852556	-0.414915244	0.000896427418	0.00820591179	0	100	0	0	3
159	54	0	2.49138961	-0.415590241	-0.415444684	-0.415852556	-0.414915244	0.000611574576	0.00820591179	0	100	0	0	3
160	54	0	2.50705873	-0.415637572	-0.41546257	-0.415852556	-0.414915244	0.000570665241	0.00820591179	0	100	0	0	3
161	55	0	2.52272784	-0.415651332	-0.415485573	-0.415852556	-0.415118838	0.000570665241	0.00820591179	0	100	0	0	3
162	55	0	2.53839696	-0.415679799	-0.415502167	-0.415852556	-0.415118838	0.000570665241	0.00820591179	0	100	0	0	3
163	55	0	2.55406608	-0.415592109	-0.415504025	-0.415852556	-0.415118838	0.000497494367	0.00820591179	0	100	0	0	3
164	55	0	2.56973519	-0.415439815	-0.415491373	-0.415852556	-0.415118838	0.000490351473	0.00820591179	0	100	0	0	3
165	55	0	2.58540431	-0.415390499	-0.415476934	-0.415679799	-0.415118838	0.000490351473	0.00820591179	0	100	0	0	3
166	56	0	2.60107343	-0.415487624	-0.415471952	-0.415679799	-0.415118838	0.000490351473	0.00820591179	0	100	0	0	3
167	56	0	2.61674254	-0.415517442	-0.415477783	-0.415679799	-0.415118838	0.000490351473	0.00820591179	0	100	0	0	3
168	56	0	2.63241166	-0.415587958	-0.415492443	-0.415679799	-0.415130779	0.000467482502	0.00820591179	0	100	0	0	3
169	56	0	2.64808078	-0.415488092	-0.415503609	-0.415679799	-0.415223241	0.000388535412	0.00820591179	0	100	0	0	3
170	57	0	2.6637499	-0.415409	-0.415507477	-0.415679799	-0.415223241	0.000273329006	0.00820591179	0	100	0	0	3
171	57	0	2.67941901	-0.415416842	-0.415507707	-0.415679799	-0.415223241	0.000171080692	0.00820591179	0	100	0	0	3
172	57	0	2.69508813	-0.415466984	-0.415506644	-0.415679799	-0.415223241	0.000171080692	0.00820591179	0	100	0	0	3
173	57	0	2.71075725	-0.415543921	-0.415509048	-0.415679799	-0.415223241	0.000171080692	0.00820591179	0	100	0	0	3
174	57	0	2.72642636	-0.415654932	-0.415518662	-0.415679799	-0.415223241	0.000171080692	0.00820591179	0	100	0	0	3
175	58	0	2.74209548	-0.415610919	-0.415530337	-0.415679799	-0.415223241	0.000171080692	0.00820591179	0	100	0	0	3
176	58	0	2.7577646	-0.415535729	-0.415540102	-0.415679799	-0.415275975	0.000171080692	0.00820591179	0	100	0	0	3
177	58	0	2.77343371	-0.415465452	-0.415546023	-0.415679799	-0.415380263	0.000171080692	0.00820591179	0	100	0	0	3
178	58	0	2.78910283	-0.415494462	-0.415549592	-0.415679799	-0.415390499	0.000148874136	0.00820591179	0	100	0	0	3
179	58	0	2.80477195	-0.415550074	-0.415554194	-0.415679799	-0.415390499	0.00013160887	0.00820591179	0	100	0	0	3
180	59	0	2.82044107	-0.415683531	-0.415561288	-0.415683531	-0.415390499	0.000138703519	0.00820591179	0	100	0	0	3
181	59	0	2.83611018	-0.415735994	-0.415567009	-0.415735994	-0.415390499	0.000144424315	0.00820591179	0	100	0	0	3
182	59	0	2.8517793	-0.41566617	-0.41556889	-0.415735994	-0.415390499	0.000146304895	0.00820591179	0	100	0	0	3
183	59	0	2.86744842	-0.415609548	-0.415570967	-0.415735994	-0.415390499	0.000130847671	0.00820591179	0	100	0	0	3
184	59	0	2.88311753	-0.415527275	-0.41556971	-0.415735994	-0.415390499	0.000127129542	0.00820591179	0	100	0	0	3
185	60	0	2.89878665	-0.415521801	-0.415567434	-0.415735994	-0.415390499	0.000127129542	0.00820591179	0	100	0	0	3
186	60	0	2.91445577	-0.415681863	-0.415568864	-0.415735994	-0.415390499	0.000127129542	0.00820591179	0	100	0	0	3
187	60	0	2.93012489	-0.415748017	-0.415571047	-0.415748017	-0.415390499	0.000127209268	0.00820591179	0	100	0	0	3
188	60	0	2.945794	-0.415749807	-0.415573407	-0.415749807	-0.415390499	0.00012956979	0.00820591179	0	100	0	0	3
189	60	0	2.96146312	-0.415674807	-0.415575365	-0.415749807	-0.415390499	0.000131527593	0.00820591179	0	100	0	0	3
190	61	0	2.97713224	-0.415608555	-0.415575568	-0.415749807	-0.415390499	0.000130883567	0.00820591179	0	100	0	0	3
191	61	0	2.99280135	-0.415567088	-0.415574844	-0.415749807	-0.415390499	0.00011299719	0.00820591179	0	100	0	0	3
192	61	0	3.00847047	-0.415569012	-0.415572702	-0.415749807	-0.415390499	0.000103615111	0.00820591179	0	100	0	0	3
193	61	0	3.02413959	-0.41561601	-0.415571598	-0.415749807	-0.415390499	0.000103615111	0.00820591179	0	100	0	0	3
194	61	0	3.0398087	-0.415722173	-0.415572922	-0.415749807	-0.415390499	0.000103615111	0.00820591179	0	100	0	0	3
195	62	0	3.05547782	-0.41575573	-0.415578035	-0.41575573	-0.415390499	0.000106082573	0.00820591179	0	100	0	0	3
196	62	0	3.07114694	-0.415709952	-0.415586477	-0.41575573	-0.415390499	0.000114524361	0.00820591179	0	100	0	0	3
197	62	0	3.08681606	-0.415640881	-0.415594301	-0.41575573	-0.415409	0.000122348796	0.00820591179	0	100	0	0	3
198	62	0	3.10248517	-0.415598891	-0.415597778	-0.41575573	-0.415409	0.000119995056	0.00820591179	0	100	0	0	3
199	62	0	3.11815429	-0.415613022	-0.415600765	-0.41575573	-0.415409	0.000108321917	0.00820591179	0	100	0	0	3
200	63	0	3.13382341	-0.415651737	-0.415602758	-0.41575573	-0.415409	9.91489798e-05	0.00820591179	0	100	0	0	3
201	63	0	3.14949252	-0.415659623	-0.415608119	-0.41575573	-0.415409	0.000101474267	0.00820591179	0	100	0	0	3
202	63	0	3.16516164	-0.415725352	-0.415618005	-0.41575573	-0.415416842	0.000111360271	0.00820591179	0	100	0	0	3
203	64	0	3.18083076	-0.415682871	-0.415626318	-0.41575573	-0.415465452	0.00011967368	0.00820591179	0	100	0	0	3
204	64	0	3.19649987	-0.415635341	-0.415631579	-0.41575573	-0.415465452	0.000122531256	0.00820591179	0	100	0	0	3
205	64	0	3.21216899	-0.415651094	-0.415634928	-0.41575573	-0.415465452	0.000116266538	0.00820591179	0	100	0	0	3
206	64	0	3.22783811	-0.415664063	-0.415635214	-0.41575573	-0.415465452	0.000104877061	0.00820591179	0	100	0	0	3
207	64	0	3.24350723	-0.415649157	-0.415636409	-0.41575573	-0.415465452	9.63067659e-05	0.00820591179	0	100	0	0	3
208	65	0	3.25917634	-0.415611053	-0.415638763	-0.41575573	-0.415465452	9.27395239e-05	0.00820591179	0	100	0	0	3
209	65	0	3.27484546	-0.415558109	-0.415641658	-0.41575573	-0.415494462	9.20663261e-05	0.00820591179	0	100	0	0	3
210	65	0	3.29051458	-0.415567225	-0.415643932	-0.41575573	-0.415521801	8.97382389e-05	0.00820591179	0	100	0	0	3
211	65	0	3.30618369	-0.415577091	-0.415644776	-0.41575573	-0.415521801	8.34878748e-05	0.00820591179	0	100	0	0	3
212	65	0	3.32185281	-0.415648936	-0.415643695	-0.41575573	-0.415521801	7.77670792e-05	0.00820591179	0	100	0	0	3
213	66	0	3.33752193	-0.415683453	-0.415642053	-0.41575573	-0.415521801	7.73424372e-05	0.00820591179	0	100	0	0	3
214	66	0	3.35319105	-0.415680382	-0.415642497	-0.41575573	-0.415521801	7.73424372e-05	0.00820591179	0	100	0	0	3
215	66	0	3.36886016	-0.41564504	-0.415643607	-0.41575573	-0.415521801	7.73424372e-05	0.00820591179	0	100	0	0	3
216	66	0	3.38452928	-0.415559099	-0.415644601	-0.41575573	-0.415521801	7.73424372e-05	0.00820591179	0	100	0	0	3
217	66	0	3.4001984	-0.415493815	-0.415643726	-0.41575573	-0.415493815	7.59121472e-05	0.00820591179	0	100	0	0	3
218	67	0	3.41586751	-0.415571358	-0.415640273	-0.41575573	-0.415493815	7.37294634e-05	0.00820591179	0	100	0	0	3
219	67	0	3.43153663	-0.415684977	-0.415638303	-0.41575573	-0.415493815	7.31785598e-05	0.00820591179	0	100	0	0	3
220	67	0	3.44720575	-0.415790562	-0.415639577	-0.415790562	-0.415493815	7.31785598e-05	0.00820591179	0	100	0	0	3
221	67	0	3.46287486	-0.415779998	-0.415642864	-0.415790562	-0.415493815	7.31785598e-05	0.00820591179	0	100	0	0	3
222	67	0	3.47854398	-0.415710488	-0.415646049	-0.415790562	-0.415493815	7.4451674e-05	0.00820591179	0	100	0	0	3
223	68	0	3.4942131	-0.415600799	-0.415647103	-0.415790562	-0.415493815	7.55051379e-05	0.00820591179	0	100	0	0	3
224	68	0	3.50988222	-0.415536126	-0.415646075	-0.415790562	-0.415493815	7.55051379e-05	0.00820591179	0	100	0	0	3
225	68	0	3.52555133	-0.415521442	-0.41564312	-0.415790562	-0.415493815	7.41809373e-05	0.00820591179	0	100	0	0	3
226	68	0	3.54122045	-0.415621312	-0.415639968	-0.415790562	-0.415493815	6.90677944e-05	0.00820591179	0	100	0	0	3
227	68	0	3.55688957	-0.415653602	-0.415636777	-0.415790562	-0.415493815	6.06260066e-05	0.00820591179	0	100	0	0	3
228	69	0	3.57255868	-0.415664214	-0.415635347	-0.415790562	-0.415493815	5.2801572e-05	0.00820591179	0	100	0	0	3
229	69	0	3.5882278	-0.41563793	-0.415635255	-0.415790562	-0.415493815	4.93244649e-05	0.00820591179	0	100	0	0	3
230	69	0	3.60389692	-0.415596158	-0.41563517	-0.415790562	-0.415493815	4.6337595e-05	0.00820591179	0	100	0	0	3
231	69	0	3.61956603	-0.415591734	-0.415634504	-0.415790562	-0.415493815	4.43445085e-05	0.00820591179	0	100	0	0	3
232	69	0	3.63523515	-0.415601836	-0.415632945	-0.415790562	-0.415493815	3.89841669e-05	0.00820591179	0	100	0	0	3
233	70	0	3.65090427	-0.415629305	-0.415631998	-0.415790562	-0.415493815	2.90981629e-05	0.00820591179	0	100	0	0	3
234	70	0	3.66657339	-0.415711191	-0.415631555	-0.415790562	-0.415493815	2.07847542e-05	0.00820591179	0	100	0	0	3
235	70	0	3.6822425	-0.415669936	-0.415631151	-0.415790562	-0.415493815	1.59520053e-05	0.00820591179	0	100	0	0	3
236	70	0	3.69791162	-0.415602058	-0.415630111	-0.415790562	-0.415493815	1.69920955e-05	0.00820591179	0	100	0	0	3
237	70	0	3.71358074	-0.415578188	-0.415627832	-0.415790562	-0.415493815	1.9270429e-05	0.00820591179	0	100	0	0	3
238	71	0	3.72924985	-0.415566178	-0.415624774	-0.415790562	-0.415493815	2.23293343e-05	0.00820591179	0	100	0	0	3
239	71	0	3.74491897	-0.415604766	-0.415623386	-0.415790562	-0.415493815	2.37165629e-05	0.00820591179	0	100	0	0	3
240	71	0	3.76058809	-0.415685982	-0.415625728	-0.415790562	-0.415493815	2.37165629e-05	0.00820591179	0	100	0	0	3
241	71	0	3.7762572	-0.415691384	-0.415629893	-0.415790562	-0.415493815	2.37165629e-05	0.00820591179	0	100	0	0	3
