Iteration	CPUTime	PhysTime	Travels	Value	AvValue	MinValue	MaxValue	Delta	Criteria	PrevAvRefValue	Progress	CriteriaType	CriteriaVarType	CriteriaPercentage
1	1	0	0.015669117	101323.648	101323.648	101323.648	101323.648	0	0	0	0	0	0	3
2	2	0	0.0313382341	101324.186	101323.917	101323.648	101324.186	0.268892544	0	0	0	0	0	3
3	2	0	0.0470073511	101324.257	101324.03	101323.648	101324.257	0.38200531	0	0	0	0	0	3
4	2	0	0.0626764681	101324.23	101324.08	101323.648	101324.257	0.431815318	0	0	0	0	0	3
5	2	0	0.0783455852	101324.276	101324.119	101323.648	101324.276	0.471055127	0	0	0	0	0	3
6	2	0	0.0940147022	101324.313	101324.152	101323.648	101324.313	0.503253434	0	0	0	0	0	3
7	3	0	0.109683819	101324.338	101324.178	101323.648	101324.338	0.529864806	0	0	0	0	0	3
8	3	0	0.125352936	101324.338	101324.198	101323.648	101324.338	0.549835899	0	0	0	0	0	3
9	3	0	0.141022053	101324.309	101324.21	101323.648	101324.338	0.562090549	0	0	0	0	0	3
10	4	0	0.15669117	101324.301	101324.219	101323.648	101324.338	0.571111119	0	0	0	0	0	3
11	4	0	0.172360287	101324.269	101324.224	101323.648	101324.338	0.575576367	0	0	0	0	0	3
12	4	0	0.188029404	101324.263	101324.227	101323.648	101324.338	0.578863594	0	0	0	0	0	3
13	4	0	0.203698521	101324.235	101324.228	101323.648	101324.338	0.579463539	0	0	0	0	0	3
14	4	0	0.219367638	101324.232	101324.228	101323.648	101324.338	0.579762148	0	0	0	0	0	3
15	5	0	0.235036755	101324.215	101324.227	101323.648	101324.338	0.579762148	0	0	0	0	0	3
16	5	0	0.250705873	101324.213	101324.226	101323.648	101324.338	0.579762148	0	0	0	0	0	3
17	5	0	0.26637499	101324.201	101324.225	101323.648	101324.338	0.579762148	0	0	0	0	0	3
18	5	0	0.282044107	101324.198	101324.223	101323.648	101324.338	0.579762148	0	0	0	0	0	3
19	5	0	0.297713224	101324.185	101324.221	101323.648	101324.338	0.579762148	0	0	0	0	0	3
20	6	0	0.313382341	101324.181	101324.219	101323.648	101324.338	0.579762148	0	0	0	0	0	3
21	6	0	0.329051458	101324.167	101324.217	101323.648	101324.338	0.579762148	0	0	0	0	0	3
22	6	0	0.344720575	101324.165	101324.214	101323.648	101324.338	0.579762148	0	0	0	0	0	3
23	6	0	0.360389692	101324.146	101324.211	101323.648	101324.338	0.579762148	0	0	0	0	0	3
24	6	0	0.376058809	101324.14	101324.208	101323.648	101324.338	0.579762148	0	0	0	0	0	3
25	7	0	0.391727926	101324.119	101324.205	101323.648	101324.338	0.579762148	0	0	0	0	0	3
26	7	0	0.407397043	101324.11	101324.201	101323.648	101324.338	0.579762148	0	0	0	0	0	3
27	7	0	0.42306616	101324.092	101324.197	101323.648	101324.338	0.579762148	0	0	0	0	0	3
28	7	0	0.438735277	101324.078	101324.193	101323.648	101324.338	0.579762148	0	0	0	0	0	3
29	7	0	0.454404394	101324.054	101324.188	101323.648	101324.338	0.579762148	0	0	0	0	0	3
30	8	0	0.470073511	101324.034	101324.183	101323.648	101324.338	0.579762148	0	0	0	0	0	3
31	8	0	0.485742628	101324.002	101324.177	101323.648	101324.338	0.579762148	0	0	0	0	0	3
32	8	0	0.501411745	101323.992	101324.171	101323.648	101324.338	0.579762148	0	0	0	0	0	3
33	8	0	0.517080862	101323.948	101324.181	101323.948	101324.338	0.310869604	0	0	0	0	0	3
34	8	0	0.532749979	101323.935	101324.173	101323.935	101324.338	0.197756838	0	0	0	0	0	3
35	9	0	0.548419096	101323.876	101324.161	101323.876	101324.338	0.14794683	0	0	0	0	0	3
36	9	0	0.564088213	101323.853	101324.149	101323.853	101324.338	0.108707021	0	0	0	0	0	3
37	9	0	0.57975733	101323.787	101324.134	101323.787	101324.338	0.0941522031	0	0	0	0	0	3
38	9	0	0.595426447	101323.789	101324.118	101323.787	101324.338	0.110507755	0	0	0	0	0	3
39	10	0	0.611095564	101323.711	101324.098	101323.711	101324.338	0.130104311	0	0	0	0	0	3
40	10	0	0.626764681	101323.665	101324.077	101323.665	101324.309	0.151131584	0	0	0	0	0	3
41	10	0	0.642433798	101323.587	101324.054	101323.587	101324.301	0.173664725	0	0	0	0	0	3
42	10	0	0.658102915	101323.536	101324.031	101323.536	101324.269	0.197568041	0	0	0	0	0	3
43	11	0	0.673772032	101323.453	101324.005	101323.453	101324.263	0.223044417	0	0	0	0	0	3
44	11	0	0.689441149	101323.384	101323.978	101323.384	101324.235	0.250514915	0	0	0	0	0	3
45	11	0	0.705110266	101323.283	101323.948	101323.283	101324.232	0.280274751	0	0	0	0	0	3
46	12	0	0.720779384	101323.202	101323.916	101323.202	101324.215	0.311586471	0	0	0	0	0	3
47	12	0	0.736448501	101323.092	101323.881	101323.092	101324.213	0.345780648	0	0	0	0	0	3
48	12	0	0.752117618	101322.973	101323.842	101322.973	101324.201	0.38302997	0	0	0	0	0	3
49	29	0	0.767786735	101322.851	101323.8	101322.851	101324.198	0.423734991	0	0	0	0	0	3
50	29	0	0.783455852	101322.713	101323.753	101322.713	101324.185	0.468112428	0	0	0	0	0	3
51	30	0	0.799124969	101322.548	101323.702	101322.548	101324.181	0.517235055	0	0	0	0	0	3
52	30	0	0.814794086	101322.406	101323.647	101322.406	101324.167	0.570174401	0	0	0	0	0	3
53	30	0	0.830463203	101322.114	101323.582	101322.114	101324.165	0.63195001	0	0	0	0	0	3
54	31	0	0.84613232	101322.061	101323.517	101322.061	101324.146	0.694699996	0	0	0	0	0	3
55	31	0	0.861801437	101321.756	101323.442	101321.756	101324.14	0.76638989	0	0	0	0	0	3
56	31	0	0.877470554	101321.425	101323.357	101321.425	101324.119	0.847679117	0	0	0	0	0	3
57	31	0	0.893139671	101321.183	101323.265	101321.183	101324.11	0.935789062	0	0	0	0	0	3
58	32	0	0.908808788	101320.991	101323.168	101320.991	101324.092	1.02922966	0	0	0	0	0	3
59	32	0	0.924477905	101320.698	101323.062	101320.698	101324.078	1.13103955	0	0	0	0	0	3
60	32	0	0.940147022	101320.297	101322.944	101320.297	101324.054	1.24439407	0	0	0	0	0	3
61	33	0	0.955816139	101319.886	101322.814	101319.886	101324.034	1.36950587	0	0	0	0	0	3
62	33	0	0.971485256	101319.507	101322.672	101319.507	101324.002	1.50870137	0	0	0	0	0	3
63	33	0	0.987154373	101319.143	101322.52	101319.143	101323.992	1.6605427	0	0	0	0	0	3
64	33	0	1.00282349	101318.719	101322.355	101318.719	101323.948	1.82532125	0.168569692	0	9.2	0	0	3
65	34	0	1.01849261	101318.196	101322.176	101318.196	101323.935	1.99721809	0.184268626	0	9.2	0	0	3
66	34	0	1.03416172	101317.609	101321.978	101317.609	101323.876	2.18301663	0.193074969	0	8.8	0	0	3
67	34	0	1.04983084	101317.007	101321.763	101317.007	101323.853	2.38590712	0.202022326	0	8.4	0	0	3
68	35	0	1.06549996	101316.429	101321.531	101316.429	101323.789	2.60263478	0.210836594	0	8.1	0	0	3
69	35	0	1.08116908	101315.866	101321.284	101315.866	101323.789	2.83380847	0.219501473	0	7.7	0	0	3
70	35	0	1.09683819	101315.223	101321.016	101315.223	101323.711	3.08192269	0.228495449	0	7.4	0	0	3
71	36	0	1.11250731	101314.476	101320.728	101314.476	101323.665	3.3494923	0.238120202	0	7.1	0	0	3
72	36	0	1.12817643	101313.666	101320.415	101313.666	101323.587	3.6394397	0.248265468	0	6.8	0	0	3
73	36	0	1.14384554	101312.832	101320.079	101312.832	101323.536	3.9516564	0.258910647	0	6.5	0	0	3
74	36	0	1.15951466	101311.935	101319.716	101311.935	101323.453	4.28871422	0.270021381	0	6.2	0	0	3
75	37	0	1.17518378	101310.966	101319.326	101310.966	101323.384	4.65147513	0.281739738	0	6	0	0	3
76	37	0	1.19085289	101310.216	101318.915	101310.216	101323.283	5.03322702	0.293309104	0	5.8	0	0	3
77	37	0	1.20652201	101309.534	101318.485	101309.534	101323.202	5.43069539	0.304666317	0	5.6	0	0	3
78	37	0	1.22219113	101308.926	101318.039	101308.926	101323.092	5.84171292	0.315666483	0	5.4	0	0	3
79	38	0	1.23786025	101308.471	101317.582	101308.471	101322.973	6.25984887	0.326104562	0	5.2	0	0	3
80	38	0	1.25352936	101308.097	101317.117	101308.097	101322.851	6.68252493	0.335917782	0	5	0	0	3
81	38	0	1.26919848	101307.828	101316.648	101307.828	101322.713	7.10557584	0.345045922	0	4.8	0	0	3
82	38	0	1.2848676	101307.622	101316.176	101307.622	101322.548	7.52601606	0.353481764	0	4.6	0	0	3
83	38	0	1.30053671	101307.519	101315.706	101307.519	101322.406	7.94022287	0.361185185	0	4.5	0	0	3
84	39	0	1.31620583	101307.468	101315.24	101307.468	101322.114	8.3429059	0.368174243	0	4.4	0	0	3
85	39	0	1.33187495	101307.554	101314.785	101307.468	101322.061	8.73217956	0.374494576	0	4.2	0	0	3
86	39	0	1.34754406	101307.777	101314.338	101307.468	101321.756	9.10391076	0.380214982	0	4.1	0	0	3
87	39	0	1.36321318	101308.102	101313.911	101307.468	101321.425	9.44576118	0.385429868	0	4	0	0	3
88	39	0	1.3788823	101308.39	101313.504	101307.468	101321.183	9.76133364	0.390184733	0	3.9	0	0	3
89	40	0	1.39455142	101308.589	101313.111	101307.468	101320.991	10.0574286	0.39454812	0	3.9	0	0	3
90	40	0	1.41022053	101308.735	101312.728	101307.468	101320.698	10.3343658	0.398555368	0	3.8	0	0	3
91	40	0	1.42588965	101308.804	101312.356	101307.468	101320.297	10.5879238	0.402249695	0	3.7	0	0	3
92	40	0	1.44155877	101308.802	101311.997	101307.468	101319.886	10.816906	0.405654517	0	3.7	0	0	3
93	40	0	1.45722788	101308.682	101311.647	101307.468	101319.507	11.0255759	0.408803715	0	3.7	0	0	3
94	41	0	1.472897	101308.524	101311.303	101307.468	101319.143	11.2169707	0.411711201	0	3.6	0	0	3
95	41	0	1.48856612	101308.331	101310.965	101307.468	101318.719	11.2510941	0.41442117	0	3.6	0	0	3
96	41	0	1.50423524	101308.167	101310.636	101307.468	101318.196	10.7277963	0.416920474	0	3.8	0	0	3
97	41	0	1.51990435	101308.047	101310.318	101307.468	101317.609	10.1407067	0.419256309	0	4.1	0	0	3
98	41	0	1.53557347	101308.012	101310.019	101307.468	101317.007	9.53951584	0.421403041	0	4.4	0	0	3
99	42	0	1.55124259	101308.056	101309.739	101307.468	101316.429	8.96077049	0.423407697	0	4.7	0	0	3
100	42	0	1.5669117	101308.145	101309.48	101307.468	101315.866	8.39805078	0.42524747	0	5	0	0	3
101	42	0	1.58258082	101308.228	101309.241	101307.468	101315.223	7.75457289	0.426987796	0	5.5	0	0	3
102	43	0	1.59824994	101308.298	101309.025	101307.468	101314.476	7.00779313	0.428574612	0	6.1	0	0	3
103	43	0	1.61391905	101308.331	101308.833	101307.468	101313.666	6.1978337	0.430044913	0	6.9	0	0	3
104	43	0	1.62958817	101308.312	101308.666	101307.468	101312.832	5.3636772	0.431383428	0	8	0	0	3
105	43	0	1.64525729	101308.271	101308.523	101307.468	101311.935	4.46674602	0.432618837	0	9.6	0	0	3
106	43	0	1.66092641	101308.18	101308.406	101307.468	101310.966	3.49802982	0.433736557	0	12.3	0	0	3
107	44	0	1.67659552	101308.144	101308.318	101307.468	101310.216	2.74804229	0.434754137	0	15.8	0	0	3
108	44	0	1.69226464	101308.091	101308.251	101307.468	101309.534	2.06566527	0.435656178	0	21	0	0	3
109	44	0	1.70793376	101308.111	101308.207	101307.468	101308.926	1.45805285	0.436464229	0	29.9	0	0	3
110	44	0	1.72360287	101308.104	101308.181	101307.468	101308.804	1.33589571	0.437165228	0	32.7	0	0	3
111	44	0	1.73927199	101308.186	101308.172	101307.468	101308.804	1.33589571	0.437760626	0	32.7	0	0	3
112	45	0	1.75494111	101308.192	101308.175	101307.468	101308.804	1.33589571	0.43825488	0	32.8	0	0	3
113	45	0	1.77061022	101308.221	101308.187	101307.468	101308.804	1.33589571	0.438644702	0	32.8	0	0	3
114	45	0	1.78627934	101308.212	101308.206	101307.468	101308.804	1.33589571	0.438919634	0	32.8	0	0	3
115	45	0	1.80194846	101308.192	101308.227	101307.468	101308.804	1.33589571	0.43910075	0	32.8	0	0	3
116	45	0	1.81761758	101308.165	101308.249	101307.554	101308.804	1.24961228	0.439106226	0	35.1	0	0	3
117	46	0	1.83328669	101308.178	101308.268	101307.777	101308.804	1.02729324	0.439081711	0	42.7	0	0	3
118	46	0	1.84895581	101308.146	101308.28	101308.012	101308.804	0.791704046	0.438888653	0	55.4	0	0	3
119	46	0	1.86462493	101308.189	101308.282	101308.012	101308.804	0.791704046	0.438521632	0	55.3	0	0	3
120	46	0	1.88029404	101308.183	101308.276	101308.012	101308.804	0.791704046	0.438038488	0	55.3	0	0	3
121	46	0	1.89596316	101308.209	101308.264	101308.012	101308.804	0.791704046	0.437471117	0	55.2	0	0	3
122	47	0	1.91163228	101308.207	101308.247	101308.012	101308.804	0.791704046	0.436771802	0	55.1	0	0	3
123	47	0	1.9273014	101308.244	101308.23	101308.012	101308.802	0.789755066	0.435892345	0	55.1	0	0	3
124	47	0	1.94297051	101308.19	101308.211	101308.012	101308.682	0.669737117	0.43483651	0	64.9	0	0	3
125	47	0	1.95863963	101308.198	101308.196	101308.012	101308.524	0.511587034	0.433629026	0	84.7	0	0	3
126	47	0	1.97430875	101308.189	101308.185	101308.012	101308.331	0.319124935	0.432284375	0	100	0	0	3
127	48	0	1.98997786	101308.208	101308.181	101308.012	101308.331	0.318577062	0.430780382	0	100	0	0	3
128	48	0	2.00564698	101308.219	101308.183	101308.012	101308.331	0.318577062	0.429078093	0	100	0	0	3
129	48	0	2.0213161	101308.235	101308.189	101308.012	101308.331	0.318577062	0.427157217	0	100	0	0	3
130	48	0	2.03698521	101308.232	101308.196	101308.056	101308.331	0.274293526	0.425021282	0	100	0	0	3
131	48	0	2.05265433	101308.245	101308.202	101308.091	101308.331	0.239759114	0.422689966	0	100	0	0	3
132	49	0	2.06832345	101308.223	101308.204	101308.091	101308.331	0.239759114	0.42017896	0	100	0	0	3
133	49	0	2.08399257	101308.217	101308.204	101308.091	101308.331	0.239759114	0.417460963	0	100	0	0	3
134	49	0	2.09966168	101308.225	101308.202	101308.091	101308.331	0.239759114	0.414500575	0	100	0	0	3
135	49	0	2.1153308	101308.25	101308.199	101308.091	101308.312	0.221454061	0.411281341	0	100	0	0	3
136	49	0	2.13099992	101308.24	101308.197	101308.091	101308.271	0.179660476	0.407803966	0	100	0	0	3
137	50	0	2.14666903	101308.24	101308.196	101308.091	101308.25	0.15874651	0.404053259	0	100	0	0	3
138	50	0	2.16233815	101308.256	101308.198	101308.091	101308.256	0.145479111	0.4000112	0	100	0	0	3
139	50	0	2.17800727	101308.252	101308.202	101308.091	101308.256	0.110253674	0.395776935	0	100	0	0	3
140	50	0	2.19367638	101308.245	101308.206	101308.104	101308.256	0.110253674	0.391384738	0	100	0	0	3
141	51	0	2.2093455	101308.241	101308.21	101308.104	101308.256	0.110253674	0.386869891	0	100	0	0	3
142	51	0	2.22501462	101308.243	101308.215	101308.146	101308.256	0.110110182	0.382423827	0	100	0	0	3
143	51	0	2.24068374	101308.243	101308.217	101308.146	101308.256	0.107273845	0.378090321	0	100	0	0	3
144	51	0	2.25635285	101308.247	101308.218	101308.146	101308.256	0.100909095	0.373865153	0	100	0	0	3
145	51	0	2.27202197	101308.232	101308.219	101308.146	101308.256	0.100909095	0.36974431	0	100	0	0	3
146	52	0	2.28769109	101308.234	101308.219	101308.146	101308.256	0.100909095	0.365723976	0	100	0	0	3
147	52	0	2.3033602	101308.23	101308.221	101308.146	101308.256	0.100909095	0.361800516	0	100	0	0	3
148	52	0	2.31902932	101308.215	101308.222	101308.146	101308.256	0.100909095	0.357939658	0	100	0	0	3
149	52	0	2.33469844	101308.206	101308.223	101308.146	101308.256	0.100909095	0.354091177	0	100	0	0	3
150	52	0	2.35036755	101308.211	101308.225	101308.183	101308.256	0.0732976033	0.350250013	0	100	0	0	3
151	53	0	2.36603667	101308.222	101308.226	101308.183	101308.256	0.0732976033	0.346497153	0	100	0	0	3
152	53	0	2.38170579	101308.208	101308.227	101308.189	101308.256	0.0672277203	0.342829584	0	100	0	0	3
153	53	0	2.39737491	101308.208	101308.227	101308.189	101308.256	0.0660502485	0.339244433	0	100	0	0	3
154	53	0	2.41304402	101308.2	101308.227	101308.189	101308.256	0.0485549972	0.335738952	0	100	0	0	3
155	53	0	2.42871314	101308.204	101308.225	101308.189	101308.256	0.0453787652	0.332309871	0	100	0	0	3
156	54	0	2.44438226	101308.2	101308.226	101308.189	101308.256	0.0453787652	0.3289162	0	100	0	0	3
157	54	0	2.46005137	101308.213	101308.226	101308.189	101308.256	0.0453787652	0.325544495	0	100	0	0	3
158	54	0	2.47572049	101308.196	101308.226	101308.196	101308.256	0.0453787652	0.322183104	0	100	0	0	3
159	54	0	2.49138961	101308.204	101308.226	101308.196	101308.256	0.043733099	0.318892306	0	100	0	0	3
160	54	0	2.50705873	101308.209	101308.226	101308.196	101308.256	0.0378598729	0.315670067	0	100	0	0	3
161	55	0	2.52272784	101308.206	101308.225	101308.196	101308.256	0.0310118033	0.312514265	0	100	0	0	3
162	55	0	2.53839696	101308.205	101308.224	101308.196	101308.256	0.0310118033	0.309409311	0	100	0	0	3
163	55	0	2.55406608	101308.213	101308.223	101308.196	101308.256	0.0310118033	0.306356619	0	100	0	0	3
164	55	0	2.56973519	101308.203	101308.222	101308.196	101308.256	0.0310118033	0.303364981	0	100	0	0	3
165	55	0	2.58540431	101308.221	101308.223	101308.196	101308.256	0.0310118033	0.300432582	0	100	0	0	3
166	56	0	2.60107343	101308.221	101308.222	101308.196	101308.256	0.0310118033	0.297557682	0	100	0	0	3
167	56	0	2.61674254	101308.223	101308.222	101308.196	101308.256	0.0310118033	0.294733274	0	100	0	0	3
168	56	0	2.63241166	101308.21	101308.221	101308.196	101308.256	0.0310118033	0.291951125	0	100	0	0	3
169	56	0	2.64808078	101308.22	101308.22	101308.196	101308.256	0.028632016	0.289217792	0	100	0	0	3
170	57	0	2.6637499	101308.215	101308.219	101308.196	101308.252	0.0252596008	0.28653603	0	100	0	0	3
171	57	0	2.67941901	101308.226	101308.218	101308.196	101308.247	0.0204512788	0.283904395	0	100	0	0	3
172	57	0	2.69508813	101308.221	101308.217	101308.196	101308.247	0.0163644376	0.281317959	0	100	0	0	3
173	57	0	2.71075725	101308.208	101308.216	101308.196	101308.247	0.0119983109	0.27877898	0	100	0	0	3
174	57	0	2.72642636	101308.216	101308.215	101308.196	101308.247	0.011540387	0.276274656	0	100	0	0	3
175	58	0	2.74209548	101308.222	101308.215	101308.196	101308.247	0.0121937847	0.273815455	0	100	0	0	3
176	58	0	2.7577646	101308.207	101308.213	101308.196	101308.234	0.0134526032	0.271400168	0	100	0	0	3
177	58	0	2.77343371	101308.208	101308.213	101308.196	101308.234	0.0142064669	0.269027629	0	100	0	0	3
178	58	0	2.78910283	101308.219	101308.212	101308.196	101308.23	0.0146795459	0.266696714	0	100	0	0	3
179	58	0	2.80477195	101308.214	101308.212	101308.196	101308.226	0.0151829753	0.264406337	0	100	0	0	3
180	59	0	2.82044107	101308.205	101308.211	101308.196	101308.226	0.0154879171	0.262155448	0	100	0	0	3
181	59	0	2.83611018	101308.208	101308.211	101308.196	101308.226	0.0154879171	0.259943037	0	100	0	0	3
182	59	0	2.8517793	101308.192	101308.211	101308.192	101308.226	0.0160204063	0.257758765	0	100	0	0	3
183	59	0	2.86744842	101308.211	101308.21	101308.192	101308.226	0.0163431212	0.255611203	0	100	0	0	3
184	59	0	2.88311753	101308.205	101308.21	101308.192	101308.226	0.0163760965	0.253497917	0	100	0	0	3
185	60	0	2.89878665	101308.218	101308.211	101308.192	101308.226	0.0161373994	0.251419561	0	100	0	0	3
186	60	0	2.91445577	101308.201	101308.211	101308.192	101308.226	0.0158960315	0.249375276	0	100	0	0	3
187	60	0	2.93012489	101308.207	101308.211	101308.192	101308.226	0.0158960315	0.247364232	0	100	0	0	3
188	60	0	2.945794	101308.201	101308.211	101308.192	101308.226	0.0158960315	0.245385624	0	100	0	0	3
189	60	0	2.96146312	101308.193	101308.21	101308.192	101308.226	0.0159910186	0.243438673	0	100	0	0	3
190	61	0	2.97713224	101308.2	101308.21	101308.192	101308.226	0.0158688874	0.241521923	0	100	0	0	3
191	61	0	2.99280135	101308.215	101308.211	101308.192	101308.226	0.015542847	0.239635358	0	100	0	0	3
192	61	0	3.00847047	101308.21	101308.211	101308.192	101308.226	0.0146350433	0.23777827	0	100	0	0	3
193	61	0	3.02413959	101308.203	101308.211	101308.192	101308.226	0.0137655963	0.235949975	0	100	0	0	3
194	61	0	3.0398087	101308.195	101308.21	101308.192	101308.226	0.0127587471	0.234149807	0	100	0	0	3
195	62	0	3.05547782	101308.206	101308.21	101308.192	101308.226	0.0123310989	0.232377122	0	100	0	0	3
196	62	0	3.07114694	101308.208	101308.21	101308.192	101308.226	0.0123310989	0.230631297	0	100	0	0	3
197	62	0	3.08681606	101308.209	101308.21	101308.192	101308.226	0.0124282019	0.228911724	0	100	0	0	3
198	62	0	3.10248517	101308.199	101308.209	101308.192	101308.226	0.0123048013	0.227217817	0	100	0	0	3
199	62	0	3.11815429	101308.21	101308.209	101308.192	101308.226	0.011792511	0.225549005	0	100	0	0	3
200	63	0	3.13382341	101308.202	101308.209	101308.192	101308.226	0.0114151887	0.223904734	0	100	0	0	3
201	63	0	3.14949252	101308.211	101308.208	101308.192	101308.226	0.0104051251	0.222284467	0	100	0	0	3
202	63	0	3.16516164	101308.196	101308.208	101308.192	101308.226	0.0101799752	0.220686828	0	100	0	0	3
203	64	0	3.18083076	101308.214	101308.207	101308.192	101308.222	0.00982307656	0.219111116	0	100	0	0	3
204	64	0	3.19649987	101308.216	101308.207	101308.192	101308.222	0.0089418455	0.217557913	0	100	0	0	3
205	64	0	3.21216899	101308.214	101308.207	101308.192	101308.222	0.00807771023	0.216026742	0	100	0	0	3
206	64	0	3.22783811	101308.203	101308.207	101308.192	101308.222	0.00762271757	0.214517137	0	100	0	0	3
207	64	0	3.24350723	101308.213	101308.207	101308.192	101308.219	0.00664706688	0.213028645	0	100	0	0	3
208	65	0	3.25917634	101308.214	101308.207	101308.192	101308.219	0.00589320321	0.211558144	0	100	0	0	3
209	65	0	3.27484546	101308.212	101308.207	101308.192	101308.219	0.00542012416	0.210107926	0	100	0	0	3
210	65	0	3.29051458	101308.205	101308.207	101308.192	101308.218	0.0050041091	0.208676777	0	100	0	0	3
211	65	0	3.30618369	101308.215	101308.207	101308.192	101308.218	0.00477196735	0.207264251	0	100	0	0	3
212	65	0	3.32185281	101308.218	101308.207	101308.192	101308.218	0.00477196735	0.205870812	0	100	0	0	3
213	66	0	3.33752193	101308.213	101308.207	101308.192	101308.218	0.00427407204	0.204496078	0	100	0	0	3
214	66	0	3.35319105	101308.203	101308.208	101308.193	101308.218	0.00427407204	0.203139673	0	100	0	0	3
215	66	0	3.36886016	101308.218	101308.208	101308.193	101308.218	0.00427407204	0.201801234	0	100	0	0	3
216	66	0	3.38452928	101308.202	101308.208	101308.193	101308.218	0.00427407204	0.200480406	0	100	0	0	3
217	66	0	3.4001984	101308.21	101308.207	101308.193	101308.218	0.00427407204	0.199176844	0	100	0	0	3
218	67	0	3.41586751	101308.21	101308.208	101308.193	101308.218	0.00427407204	0.197890211	0	100	0	0	3
219	67	0	3.43153663	101308.212	101308.208	101308.193	101308.218	0.00427407204	0.19662018	0	100	0	0	3
220	67	0	3.44720575	101308.216	101308.208	101308.193	101308.218	0.00418346234	0.195366431	0	100	0	0	3
221	67	0	3.46287486	101308.216	101308.209	101308.195	101308.218	0.00418346234	0.194128654	0	100	0	0	3
222	67	0	3.47854398	101308.208	101308.209	101308.195	101308.218	0.00418346234	0.192906545	0	100	0	0	3
223	68	0	3.4942131	101308.216	101308.209	101308.195	101308.218	0.00418346234	0.191699808	0	100	0	0	3
224	68	0	3.50988222	101308.22	101308.21	101308.195	101308.22	0.0040848012	0.190508155	0	100	0	0	3
225	68	0	3.52555133	101308.215	101308.21	101308.195	101308.22	0.00377485619	0.189331306	0	100	0	0	3
226	68	0	3.54122045	101308.216	101308.211	101308.196	101308.22	0.00401125758	0.188168985	0	100	0	0	3
227	68	0	3.55688957	101308.212	101308.211	101308.196	101308.22	0.0041820921	0.187020926	0	100	0	0	3
228	69	0	3.57255868	101308.213	101308.211	101308.196	101308.22	0.00432106039	0.185886868	0	100	0	0	3
229	69	0	3.5882278	101308.209	101308.211	101308.196	101308.22	0.00432106039	0.184766556	0	100	0	0	3
230	69	0	3.60389692	101308.213	101308.211	101308.196	101308.22	0.00475253425	0.183659742	0	100	0	0	3
231	69	0	3.61956603	101308.218	101308.212	101308.196	101308.22	0.00502336182	0.182566183	0	100	0	0	3
232	69	0	3.63523515	101308.223	101308.212	101308.196	101308.223	0.00568991109	0.181485642	0	100	0	0	3
233	70	0	3.65090427	101308.22	101308.213	101308.196	101308.223	0.00595736047	0.180417889	0	100	0	0	3
234	70	0	3.66657339	101308.21	101308.213	101308.202	101308.223	0.00640424329	0.179362698	0	100	0	0	3
235	70	0	3.6822425	101308.217	101308.213	101308.202	101308.223	0.00649679045	0.178319325	0	100	0	0	3
236	70	0	3.69791162	101308.225	101308.213	101308.202	101308.225	0.00677554077	0.1772884	0	100	0	0	3
237	70	0	3.71358074	101308.209	101308.213	101308.202	101308.225	0.00677554077	0.176269394	0	100	0	0	3
238	71	0	3.72924985	101308.218	101308.214	101308.202	101308.225	0.00709352091	0.1752621	0	100	0	0	3
239	71	0	3.74491897	101308.221	101308.214	101308.202	101308.225	0.00735256611	0.174266319	0	100	0	0	3
240	71	0	3.76058809	101308.221	101308.214	101308.202	101308.225	0.00758145667	0.173281852	0	100	0	0	3
241	71	0	3.7762572	101308.214	101308.214	101308.202	101308.225	0.00763623221	0.17230851	0	100	0	0	3
