Iteration	CPUTime	PhysTime	Travels	Value	AvValue	MinValue	MaxValue	Delta	Criteria	PrevAvRefValue	Progress	CriteriaType	CriteriaVarType	CriteriaPercentage
1	1	0	0.015669117	293.199784	293.199784	293.199784	293.199784	0	0	0	0	0	0	3
2	2	0	0.0313382341	293.199815	293.199799	293.199784	293.199815	1.58607406e-05	0	0	0	0	0	3
3	2	0	0.0470073511	293.199859	293.199819	293.199784	293.199859	3.58773999e-05	0	0	0	0	0	3
4	2	0	0.0626764681	293.19989	293.199837	293.199784	293.19989	5.36056814e-05	0	0	0	0	0	3
5	2	0	0.0783455852	293.199934	293.199857	293.199784	293.199934	7.30642633e-05	0	0	0	0	0	3
6	2	0	0.0940147022	293.199972	293.199876	293.199784	293.199972	9.2225273e-05	0	0	0	0	0	3
7	3	0	0.109683819	293.200021	293.199897	293.199784	293.200021	0.000113044652	0	0	0	0	0	3
8	3	0	0.125352936	293.200068	293.199918	293.199784	293.200068	0.00013453057	0	0	0	0	0	3
9	3	0	0.141022053	293.200143	293.199943	293.199784	293.200143	0.000159512452	0	0	0	0	0	3
10	4	0	0.15669117	293.200236	293.199972	293.199784	293.200236	0.000188763159	0	0	0	0	0	3
11	4	0	0.172360287	293.200675	293.200036	293.199784	293.200675	0.00025264737	0	0	0	0	0	3
12	4	0	0.188029404	293.201396	293.200149	293.199784	293.201396	0.000365934801	0	0	0	0	0	3
13	4	0	0.203698521	293.20236	293.20032	293.199784	293.20236	0.000536010805	0	0	0	0	0	3
14	4	0	0.219367638	293.203523	293.200548	293.199784	293.203523	0.000764810401	0	0	0	0	0	3
15	5	0	0.235036755	293.204799	293.200832	293.199784	293.204799	0.00104816338	0	0	0	0	0	3
16	5	0	0.250705873	293.20688	293.20121	293.199784	293.20688	0.00142617877	0	0	0	0	0	3
17	5	0	0.26637499	293.209045	293.201671	293.199784	293.209045	0.00188708853	0	0	0	0	0	3
18	5	0	0.282044107	293.211258	293.202203	293.199784	293.211258	0.00241972834	0	0	0	0	0	3
19	5	0	0.297713224	293.213496	293.202798	293.199784	293.213496	0.00301409036	0	0	0	0	0	3
20	6	0	0.313382341	293.215715	293.203444	293.199784	293.215715	0.00365996905	0	0	0	0	0	3
21	6	0	0.329051458	293.219094	293.204189	293.199784	293.219094	0.00440520938	0	0	0	0	0	3
22	6	0	0.344720575	293.222401	293.205017	293.199784	293.222401	0.00523303996	0	0	0	0	0	3
23	6	0	0.360389692	293.22572	293.205917	293.199784	293.22572	0.00613317007	0	0	0	0	0	3
24	6	0	0.376058809	293.228927	293.206875	293.199784	293.228927	0.00709191808	0	0	0	0	0	3
25	7	0	0.391727926	293.232105	293.207885	293.199784	293.232105	0.00810111457	0	0	0	0	0	3
26	7	0	0.407397043	293.236728	293.208994	293.199784	293.236728	0.00921046715	0	0	0	0	0	3
27	7	0	0.42306616	293.241251	293.210189	293.199784	293.241251	0.0104051525	0	0	0	0	0	3
28	7	0	0.438735277	293.245591	293.211453	293.199784	293.245591	0.0116695347	0	0	0	0	0	3
29	7	0	0.454404394	293.249794	293.212775	293.199784	293.249794	0.0129916343	0	0	0	0	0	3
30	8	0	0.470073511	293.25382	293.214143	293.199784	293.25382	0.0143598057	0	0	0	0	0	3
31	8	0	0.485742628	293.259621	293.21561	293.199784	293.259621	0.0158268362	0	0	0	0	0	3
32	8	0	0.501411745	293.265106	293.217157	293.199784	293.265106	0.0173735649	0	0	0	0	0	3
33	8	0	0.517080862	293.2704	293.219364	293.199815	293.2704	0.0195644674	0	0	0	0	0	3
34	8	0	0.532749979	293.275403	293.221726	293.199859	293.275403	0.02190656	0	0	0	0	0	3
35	9	0	0.548419096	293.280184	293.224236	293.19989	293.280184	0.0243989814	0	0	0	0	0	3
36	9	0	0.564088213	293.286867	293.226954	293.199934	293.286867	0.0270975305	0	0	0	0	0	3
37	9	0	0.57975733	293.293152	293.229867	293.199972	293.293152	0.0299914151	0	0	0	0	0	3
38	9	0	0.595426447	293.29892	293.232959	293.200021	293.29892	0.0330627362	0	0	0	0	0	3
39	10	0	0.611095564	293.304408	293.236221	293.200068	293.304408	0.036303316	0	0	0	0	0	3
40	10	0	0.626764681	293.309548	293.239643	293.200143	293.309548	0.0396995763	0	0	0	0	0	3
41	10	0	0.642433798	293.316551	293.24328	293.200236	293.316551	0.0433080863	0	0	0	0	0	3
42	10	0	0.658102915	293.322812	293.247111	293.200675	293.322812	0.0470747186	0	0	0	0	0	3
43	11	0	0.673772032	293.328564	293.251107	293.201396	293.328564	0.0509579744	0	0	0	0	0	3
44	11	0	0.689441149	293.333842	293.255246	293.20236	293.333842	0.0549268428	0	0	0	0	0	3
45	11	0	0.705110266	293.338592	293.259504	293.203523	293.338592	0.0589552742	0	0	0	0	0	3
46	12	0	0.720779384	293.342801	293.263856	293.204799	293.342801	0.0630243695	0	0	0	0	0	3
47	12	0	0.736448501	293.346646	293.268289	293.20688	293.346646	0.0670790908	0	0	0	0	0	3
48	12	0	0.752117618	293.349956	293.27276	293.209045	293.349956	0.0710893121	0	0	0	0	0	3
49	29	0	0.767786735	293.352948	293.277257	293.211258	293.352948	0.0750536333	0	0	0	0	0	3
50	29	0	0.783455852	293.355492	293.281764	293.213496	293.355492	0.0789665679	0	0	0	0	0	3
51	30	0	0.799124969	293.357713	293.286271	293.215715	293.357713	0.0828274574	0	0	0	0	0	3
52	30	0	0.814794086	293.359653	293.290769	293.219094	293.359653	0.0865802717	0	0	0	0	0	3
53	30	0	0.830463203	293.360821	293.295198	293.222401	293.360821	0.0901814197	0	0	0	0	0	3
54	31	0	0.84613232	293.362433	293.299574	293.22572	293.362433	0.0936572931	0	0	0	0	0	3
55	31	0	0.861801437	293.36337	293.303876	293.228927	293.36337	0.0970001111	0	0	0	0	0	3
56	31	0	0.877470554	293.363622	293.308085	293.232105	293.363622	0.100200136	0	0	0	0	0	3
57	31	0	0.893139671	293.364183	293.312212	293.236728	293.364183	0.103218195	0	0	0	0	0	3
58	32	0	0.908808788	293.36463	293.316209	293.241251	293.36463	0.106020447	0	0	0	0	0	3
59	32	0	0.924477905	293.364837	293.320071	293.245591	293.364837	0.108618157	0	0	0	0	0	3
60	32	0	0.940147022	293.36447	293.323786	293.249794	293.364837	0.111011009	0	0	0	0	0	3
61	33	0	0.955816139	293.36397	293.327354	293.25382	293.364837	0.111017128	0	0	0	0	0	3
62	33	0	0.971485256	293.363503	293.330782	293.259621	293.364837	0.105216154	0	0	0	0	0	3
63	33	0	0.987154373	293.363035	293.334013	293.265106	293.364837	0.0997317499	0	0	0	0	0	3
64	33	0	1.00282349	293.362359	293.337053	293.2704	293.364837	0.0944374828	0.00494933983	0	5.2	0	0	3
65	34	0	1.01849261	293.361334	293.339894	293.275403	293.364837	0.0894346882	0.00494933983	0	5.5	0	0	3
66	34	0	1.03416172	293.360052	293.34254	293.280184	293.364837	0.0846532044	0.00494933983	0	5.8	0	0	3
67	34	0	1.04983084	293.358772	293.344995	293.286867	293.364837	0.0779708679	0.00494933983	0	6.3	0	0	3
68	35	0	1.06549996	293.35752	293.347203	293.293152	293.364837	0.0716855464	0.00494933983	0	6.9	0	0	3
69	35	0	1.08116908	293.35636	293.349179	293.29892	293.364837	0.065917378	0.00494933983	0	7.5	0	0	3
70	35	0	1.09683819	293.354891	293.350928	293.304408	293.364837	0.0604298408	0.00494933983	0	8.1	0	0	3
71	36	0	1.11250731	293.353349	293.352457	293.309548	293.364837	0.0552892249	0.00494933983	0	8.9	0	0	3
72	36	0	1.12817643	293.351477	293.353767	293.316551	293.364837	0.0482861932	0.00494933983	0	10.2	0	0	3
73	36	0	1.14384554	293.349622	293.354801	293.322812	293.364837	0.0420253589	0.00494933983	0	11.7	0	0	3
74	36	0	1.15951466	293.347497	293.355572	293.328564	293.364837	0.0362730309	0.00494933983	0	13.6	0	0	3
75	37	0	1.17518378	293.345413	293.356099	293.333842	293.364837	0.03099559	0.00494933983	0	15.9	0	0	3
76	37	0	1.19085289	293.34398	293.356416	293.338592	293.364837	0.026245588	0.00494933983	0	18.8	0	0	3
77	37	0	1.20652201	293.343043	293.356555	293.342801	293.364837	0.0220363553	0.00494933983	0	22.4	0	0	3
78	37	0	1.22219113	293.341986	293.356529	293.341986	293.364837	0.0228513812	0.00494933983	0	21.6	0	0	3
79	38	0	1.23786025	293.340928	293.356351	293.340928	293.364837	0.0239097109	0.00494933983	0	20.7	0	0	3
80	38	0	1.25352936	293.339786	293.356033	293.339786	293.364837	0.0250519045	0.00494933983	0	19.7	0	0	3
81	38	0	1.26919848	293.338733	293.355588	293.338733	293.364837	0.0261047978	0.00494933983	0	18.9	0	0	3
82	38	0	1.2848676	293.337648	293.355031	293.337648	293.364837	0.0271893043	0.00494933983	0	18.2	0	0	3
83	38	0	1.30053671	293.336612	293.354371	293.336612	293.364837	0.0282255255	0.00494933983	0	17.5	0	0	3
84	39	0	1.31620583	293.335654	293.353621	293.335654	293.364837	0.02918298	0.00494933983	0	16.9	0	0	3
85	39	0	1.33187495	293.33491	293.352812	293.33491	293.364837	0.0299276202	0.00494933983	0	16.5	0	0	3
86	39	0	1.34754406	293.3344	293.351936	293.3344	293.364837	0.0304378366	0.00494933983	0	16.2	0	0	3
87	39	0	1.36321318	293.334032	293.351019	293.334032	293.364837	0.0308054862	0.00494933983	0	16	0	0	3
88	39	0	1.3788823	293.333662	293.350083	293.333662	293.364837	0.0311756545	0.00494933983	0	15.8	0	0	3
89	40	0	1.39455142	293.333206	293.349115	293.333206	293.364837	0.0316313661	0.00494933983	0	15.6	0	0	3
90	40	0	1.41022053	293.332664	293.348116	293.332664	293.364837	0.0321738948	0.00494933983	0	15.3	0	0	3
91	40	0	1.42588965	293.33195	293.347088	293.33195	293.36447	0.0325202142	0.00494933983	0	15.2	0	0	3
92	40	0	1.44155877	293.331165	293.346047	293.331165	293.36397	0.0292005124	0.00494933983	0	16.9	0	0	3
93	40	0	1.45722788	293.330278	293.344994	293.330278	293.363503	0.0257729369	0.00494933983	0	19.2	0	0	3
94	41	0	1.472897	293.329341	293.343927	293.329341	293.363035	0.0225412734	0.00494933983	0	21.9	0	0	3
95	41	0	1.48856612	293.328411	293.342845	293.328411	293.362359	0.0195021144	0.00494933983	0	25.3	0	0	3
96	41	0	1.50423524	293.327536	293.341757	293.327536	293.361334	0.0166604402	0.00494933983	0	29.7	0	0	3
97	41	0	1.51990435	293.326685	293.340674	293.326685	293.360052	0.0158808756	0.00494933983	0	31.1	0	0	3
98	41	0	1.53557347	293.325979	293.339609	293.325979	293.358772	0.016945652	0.00494933983	0	29.2	0	0	3
99	42	0	1.55124259	293.325501	293.338569	293.325501	293.35752	0.0179853932	0.00494933983	0	27.5	0	0	3
100	42	0	1.5669117	293.325067	293.337555	293.325067	293.35636	0.0189995512	0.00494933983	0	26	0	0	3
101	42	0	1.58258082	293.324719	293.336566	293.324719	293.354891	0.0199883543	0.00494933983	0	24.7	0	0	3
102	43	0	1.59824994	293.324307	293.335611	293.324307	293.353349	0.020944089	0.00494933983	0	23.6	0	0	3
103	43	0	1.61391905	293.323821	293.334688	293.323821	293.351477	0.0218668406	0.00494933983	0	22.6	0	0	3
104	43	0	1.62958817	293.323279	293.333807	293.323279	293.349622	0.022748023	0.00494933983	0	21.7	0	0	3
105	43	0	1.64525729	293.322779	293.332968	293.322779	293.347497	0.0235868721	0.00494933983	0	20.9	0	0	3
106	43	0	1.66092641	293.322174	293.332176	293.322174	293.345413	0.0232398893	0.00494933983	0	21.2	0	0	3
107	44	0	1.67659552	293.321673	293.331435	293.321673	293.34398	0.0223071238	0.00494933983	0	22.1	0	0	3
108	44	0	1.69226464	293.321163	293.330722	293.321163	293.343043	0.0218806316	0.00494933983	0	22.6	0	0	3
109	44	0	1.70793376	293.320718	293.330024	293.320718	293.341986	0.0212679743	0.00494933983	0	23.2	0	0	3
110	44	0	1.72360287	293.320266	293.329345	293.320266	293.340928	0.0206613213	0.00494933983	0	23.9	0	0	3
111	44	0	1.73927199	293.319979	293.32869	293.319979	293.339786	0.0198068847	0.00494933983	0	24.9	0	0	3
112	45	0	1.75494111	293.319544	293.328058	293.319544	293.338733	0.0191881884	0.00494933983	0	25.7	0	0	3
113	45	0	1.77061022	293.319223	293.327448	293.319223	293.337648	0.0184251878	0.00494933983	0	26.8	0	0	3
114	45	0	1.78627934	293.318812	293.32686	293.318812	293.336612	0.0177995126	0.00494933983	0	27.8	0	0	3
115	45	0	1.80194846	293.31843	293.326291	293.31843	293.335654	0.0172242263	0.00494933983	0	28.7	0	0	3
116	45	0	1.81761758	293.318006	293.32574	293.318006	293.33491	0.0169036481	0.00494933983	0	29.2	0	0	3
117	46	0	1.83328669	293.317684	293.325202	293.317684	293.3344	0.0167158024	0.00494933983	0	29.6	0	0	3
118	46	0	1.84895581	293.317273	293.324666	293.317273	293.334032	0.0167585389	0.00494933983	0	29.5	0	0	3
119	46	0	1.86462493	293.316966	293.324133	293.316966	293.333662	0.0166959151	0.00494933983	0	29.6	0	0	3
120	46	0	1.88029404	293.316588	293.3236	293.316588	293.333206	0.0166185528	0.00494933983	0	29.7	0	0	3
121	46	0	1.89596316	293.316247	293.32307	293.316247	293.332664	0.016416518	0.00494933983	0	30.1	0	0	3
122	47	0	1.91163228	293.315847	293.322544	293.315847	293.33195	0.0161028614	0.00494933983	0	30.7	0	0	3
123	47	0	1.9273014	293.315578	293.322032	293.315578	293.331165	0.015587581	0.00494933983	0	31.7	0	0	3
124	47	0	1.94297051	293.315145	293.321532	293.315145	293.330278	0.0151330638	0.00494933983	0	32.7	0	0	3
125	47	0	1.95863963	293.314863	293.32105	293.314863	293.329341	0.0144776295	0.00494933983	0	34.1	0	0	3
126	47	0	1.97430875	293.314533	293.320587	293.314533	293.328411	0.0138781011	0.00494933983	0	35.6	0	0	3
127	48	0	1.98997786	293.314295	293.320146	293.314295	293.327536	0.0132404576	0.00494933983	0	37.3	0	0	3
128	48	0	2.00564698	293.313997	293.319723	293.313997	293.326685	0.0126875443	0.00494933983	0	39	0	0	3
129	48	0	2.0213161	293.313752	293.319319	293.313752	293.325979	0.0122267956	0.00494933983	0	40.4	0	0	3
130	48	0	2.03698521	293.313411	293.318926	293.313411	293.325501	0.0120898504	0.00494933983	0	40.9	0	0	3
131	48	0	2.05265433	293.313199	293.318542	293.313199	293.325067	0.0118673684	0.00494933983	0	41.7	0	0	3
132	49	0	2.06832345	293.312904	293.318162	293.312904	293.324719	0.0118149049	0.00494933983	0	41.8	0	0	3
133	49	0	2.08399257	293.312637	293.317784	293.312637	293.324307	0.011670191	0.00494933983	0	42.4	0	0	3
134	49	0	2.09966168	293.312355	293.317411	293.312355	293.323821	0.0114660271	0.00494933983	0	43.1	0	0	3
135	49	0	2.1153308	293.312198	293.317047	293.312198	293.323279	0.0110813066	0.00494933983	0	44.6	0	0	3
136	49	0	2.13099992	293.311919	293.316692	293.311919	293.322779	0.0108601806	0.00494933983	0	45.5	0	0	3
137	50	0	2.14666903	293.311759	293.316348	293.311759	293.322174	0.0104147313	0.00494933983	0	47.5	0	0	3
138	50	0	2.16233815	293.311509	293.316015	293.311509	293.321673	0.0101633238	0.00494933983	0	48.6	0	0	3
139	50	0	2.17800727	293.311356	293.315692	293.311356	293.321163	0.00980657705	0.00494933983	0	50.4	0	0	3
140	50	0	2.19367638	293.311085	293.315377	293.311085	293.320718	0.00963332967	0.00494933983	0	51.3	0	0	3
141	51	0	2.2093455	293.310904	293.315071	293.310904	293.320266	0.00936239565	0.00494933983	0	52.8	0	0	3
142	51	0	2.22501462	293.310632	293.31477	293.310632	293.319979	0.00934653482	0.00494933983	0	52.9	0	0	3
143	51	0	2.24068374	293.310466	293.314472	293.310466	293.319544	0.00907893844	0.00494933983	0	54.5	0	0	3
144	51	0	2.25635285	293.310218	293.314181	293.310218	293.319223	0.00900489978	0.00494933983	0	54.9	0	0	3
145	51	0	2.27202197	293.310035	293.313894	293.310035	293.318812	0.00877764987	0.00494933983	0	56.3	0	0	3
146	52	0	2.28769109	293.309797	293.313612	293.309797	293.31843	0.00863331282	0.00494933983	0	57.3	0	0	3
147	52	0	2.3033602	293.309657	293.313338	293.309657	293.318006	0.00834940794	0.00494933983	0	59.2	0	0	3
148	52	0	2.31902932	293.309371	293.313068	293.309371	293.317684	0.00831261512	0.00494933983	0	59.5	0	0	3
149	52	0	2.33469844	293.309217	293.312804	293.309217	293.317273	0.00805623268	0.00494933983	0	61.4	0	0	3
150	52	0	2.35036755	293.308988	293.312545	293.308988	293.316966	0.00797793636	0.00494933983	0	62	0	0	3
151	53	0	2.36603667	293.308863	293.312291	293.308863	293.316588	0.00772463038	0.00494933983	0	64	0	0	3
152	53	0	2.38170579	293.30863	293.312043	293.30863	293.316247	0.00761708052	0.00494933983	0	64.9	0	0	3
153	53	0	2.39737491	293.308484	293.3118	293.308484	293.315847	0.00736274498	0.00494933983	0	67.2	0	0	3
154	53	0	2.41304402	293.308216	293.311562	293.308216	293.315578	0.00736180353	0.00494933983	0	67.2	0	0	3
155	53	0	2.42871314	293.308076	293.311327	293.308076	293.315145	0.00706947671	0.00494933983	0	70	0	0	3
156	54	0	2.44438226	293.307837	293.311099	293.307837	293.314863	0.00702595787	0.00494933983	0	70.4	0	0	3
157	54	0	2.46005137	293.307705	293.310875	293.307705	293.314533	0.006828639	0.00494933983	0	72.4	0	0	3
158	54	0	2.47572049	293.307444	293.310654	293.307444	293.314295	0.00685113508	0.00494933983	0	72.2	0	0	3
159	54	0	2.49138961	293.307337	293.310436	293.307337	293.313997	0.00665985643	0.00494933983	0	74.3	0	0	3
160	54	0	2.50705873	293.307113	293.310221	293.307113	293.313752	0.00663972359	0.00494933983	0	74.5	0	0	3
161	55	0	2.52272784	293.306976	293.310009	293.306976	293.313411	0.00643448821	0.00494933983	0	76.9	0	0	3
162	55	0	2.53839696	293.30674	293.309801	293.30674	293.313199	0.00645952579	0.00494933983	0	76.6	0	0	3
163	55	0	2.55406608	293.306645	293.309596	293.306645	293.312904	0.00625904493	0.00494933983	0	79	0	0	3
164	55	0	2.56973519	293.306396	293.309393	293.306396	293.312637	0.00624058297	0.00494933983	0	79.3	0	0	3
165	55	0	2.58540431	293.306299	293.309195	293.306299	293.312355	0.00605612332	0.00494933983	0	81.7	0	0	3
166	56	0	2.60107343	293.306089	293.308999	293.306089	293.312198	0.00610858831	0.00494933983	0	81	0	0	3
167	56	0	2.61674254	293.305982	293.308805	293.305982	293.311919	0.00593708194	0.00494933983	0	83.3	0	0	3
168	56	0	2.63241166	293.305748	293.308612	293.305748	293.311759	0.00601110076	0.00494933983	0	82.3	0	0	3
169	56	0	2.64808078	293.305605	293.308419	293.305605	293.311509	0.0059047996	0.00494933983	0	83.8	0	0	3
170	57	0	2.6637499	293.305337	293.308226	293.305337	293.311356	0.00601891942	0.00494933983	0	82.2	0	0	3
171	57	0	2.67941901	293.305198	293.308034	293.305198	293.311085	0.00588707883	0.00494933983	0	84	0	0	3
172	57	0	2.69508813	293.304953	293.307842	293.304953	293.310904	0.00595092214	0.00494933983	0	83.1	0	0	3
173	57	0	2.71075725	293.304782	293.307651	293.304782	293.310632	0.00585057508	0.00494933983	0	84.5	0	0	3
174	57	0	2.72642636	293.304532	293.30746	293.304532	293.310466	0.00593373349	0.00494933983	0	83.4	0	0	3
175	58	0	2.74209548	293.304382	293.30727	293.304382	293.310218	0.00583605362	0.00494933983	0	84.8	0	0	3
176	58	0	2.7577646	293.304086	293.307079	293.304086	293.310035	0.00594844411	0.00494933983	0	83.2	0	0	3
177	58	0	2.77343371	293.303912	293.306887	293.303912	293.309797	0.00588468865	0.00494933983	0	84.1	0	0	3
178	58	0	2.78910283	293.303655	293.306695	293.303655	293.309657	0.00600197152	0.00494933983	0	82.4	0	0	3
179	58	0	2.80477195	293.303502	293.306503	293.303502	293.309371	0.00586919153	0.00494933983	0	84.3	0	0	3
180	59	0	2.82044107	293.303216	293.306311	293.303216	293.309217	0.00600155994	0.00494933983	0	82.4	0	0	3
181	59	0	2.83611018	293.303077	293.306119	293.303077	293.308988	0.00591116997	0.00494933983	0	83.7	0	0	3
182	59	0	2.8517793	293.302788	293.305925	293.302788	293.308863	0.00607462007	0.00494933983	0	81.4	0	0	3
183	59	0	2.86744842	293.302671	293.305732	293.302671	293.30863	0.00595933117	0.00494933983	0	83	0	0	3
184	59	0	2.88311753	293.302414	293.305537	293.302414	293.308484	0.00607005545	0.00494933983	0	81.5	0	0	3
185	60	0	2.89878665	293.302294	293.305344	293.302294	293.308216	0.00592207776	0.00494933983	0	83.5	0	0	3
186	60	0	2.91445577	293.302004	293.30515	293.302004	293.308076	0.00607172127	0.00494933983	0	81.5	0	0	3
187	60	0	2.93012489	293.301877	293.304956	293.301877	293.307837	0.00596033786	0.00494933983	0	83	0	0	3
188	60	0	2.945794	293.301606	293.304761	293.301606	293.307705	0.00609865142	0.00494933983	0	81.1	0	0	3
189	60	0	2.96146312	293.301436	293.304565	293.301436	293.307444	0.00600867897	0.00494933983	0	82.3	0	0	3
190	61	0	2.97713224	293.301129	293.304368	293.301129	293.307337	0.00606808887	0.00494933983	0	81.5	0	0	3
191	61	0	2.99280135	293.300991	293.30417	293.300991	293.307113	0.0060512819	0.00494933983	0	81.7	0	0	3
192	61	0	3.00847047	293.300704	293.303969	293.300704	293.306976	0.00603978634	0.00494933983	0	81.9	0	0	3
193	61	0	3.02413959	293.300552	293.303769	293.300552	293.30674	0.00603207822	0.00494933983	0	82	0	0	3
194	61	0	3.0398087	293.300241	293.303566	293.300241	293.306645	0.00603032152	0.00494933983	0	82	0	0	3
195	62	0	3.05547782	293.300075	293.30336	293.300075	293.306396	0.00603226204	0.00494933983	0	82	0	0	3
196	62	0	3.07114694	293.299774	293.303153	293.299774	293.306299	0.00604113019	0.00494933983	0	81.9	0	0	3
197	62	0	3.08681606	293.299615	293.302945	293.299615	293.306089	0.00605419326	0.00494933983	0	81.7	0	0	3
198	62	0	3.10248517	293.299322	293.302733	293.299322	293.305982	0.00607142204	0.00494933983	0	81.5	0	0	3
199	62	0	3.11815429	293.299164	293.30252	293.299164	293.305748	0.00609162922	0.00494933983	0	81.2	0	0	3
200	63	0	3.13382341	293.298864	293.302305	293.298864	293.305605	0.00611441888	0.00494933983	0	80.9	0	0	3
201	63	0	3.14949252	293.298707	293.302089	293.298707	293.305337	0.00613707187	0.00494933983	0	80.6	0	0	3
202	63	0	3.16516164	293.298393	293.301872	293.298393	293.305198	0.00616162225	0.00494933983	0	80.3	0	0	3
203	64	0	3.18083076	293.298261	293.301656	293.298261	293.304953	0.00618678686	0.00494933983	0	79.9	0	0	3
204	64	0	3.19649987	293.297992	293.301438	293.297992	293.304782	0.00621298181	0.00494933983	0	79.6	0	0	3
205	64	0	3.21216899	293.29783	293.301221	293.29783	293.304532	0.00623957009	0.00494933983	0	79.3	0	0	3
206	64	0	3.22783811	293.297542	293.301002	293.297542	293.304382	0.00626790271	0.00494933983	0	78.9	0	0	3
207	64	0	3.24350723	293.297388	293.300784	293.297388	293.304086	0.00629485198	0.00494933983	0	78.6	0	0	3
208	65	0	3.25917634	293.297109	293.300566	293.297109	293.303912	0.00632155548	0.00494933983	0	78.2	0	0	3
209	65	0	3.27484546	293.296963	293.300349	293.296963	293.303655	0.00634676932	0.00494933983	0	77.9	0	0	3
210	65	0	3.29051458	293.296661	293.30013	293.296661	293.303502	0.00637299943	0.00494933983	0	77.6	0	0	3
211	65	0	3.30618369	293.296537	293.299912	293.296537	293.303216	0.00639830003	0.00494933983	0	77.3	0	0	3
212	65	0	3.32185281	293.29628	293.299696	293.29628	293.303077	0.006423142	0.00494933983	0	77	0	0	3
213	66	0	3.33752193	293.296157	293.299479	293.296157	293.302788	0.0064456343	0.00494933983	0	76.7	0	0	3
214	66	0	3.35319105	293.295885	293.299264	293.295885	293.302671	0.00646784907	0.00494933983	0	76.5	0	0	3
215	66	0	3.36886016	293.295782	293.299048	293.295782	293.302414	0.00648886569	0.00494933983	0	76.2	0	0	3
216	66	0	3.38452928	293.295532	293.298833	293.295532	293.302294	0.00651046536	0.00494933983	0	76	0	0	3
217	66	0	3.4001984	293.295421	293.298619	293.295421	293.302004	0.00653112048	0.00494933983	0	75.7	0	0	3
218	67	0	3.41586751	293.295163	293.298405	293.295163	293.301877	0.00655118939	0.00494933983	0	75.5	0	0	3
219	67	0	3.43153663	293.295067	293.298192	293.295067	293.301606	0.00653892988	0.00494933983	0	75.6	0	0	3
220	67	0	3.44720575	293.294827	293.29798	293.294827	293.301436	0.00658519619	0.00494933983	0	75.1	0	0	3
221	67	0	3.46287486	293.294706	293.29777	293.294706	293.301129	0.00642333857	0.00494933983	0	77	0	0	3
222	67	0	3.47854398	293.294432	293.297561	293.294432	293.300991	0.00655839541	0.00494933983	0	75.4	0	0	3
223	68	0	3.4942131	293.29434	293.297353	293.29434	293.300704	0.00636410273	0.00494933983	0	77.7	0	0	3
224	68	0	3.50988222	293.2941	293.297146	293.2941	293.300552	0.00645177915	0.00494933983	0	76.7	0	0	3
225	68	0	3.52555133	293.294016	293.296942	293.294016	293.300241	0.0062252079	0.00494933983	0	79.5	0	0	3
226	68	0	3.54122045	293.293765	293.29674	293.293765	293.300075	0.00630981873	0.00494933983	0	78.4	0	0	3
227	68	0	3.55688957	293.293701	293.296541	293.293701	293.299774	0.00607338482	0.00494933983	0	81.4	0	0	3
228	69	0	3.57255868	293.293473	293.296344	293.293473	293.299615	0.00614262544	0.00494933983	0	80.5	0	0	3
229	69	0	3.5882278	293.293406	293.29615	293.293406	293.299322	0.0059163416	0.00494933983	0	83.6	0	0	3
230	69	0	3.60389692	293.293186	293.295958	293.293186	293.299164	0.00597756399	0.00494933983	0	82.7	0	0	3
231	69	0	3.61956603	293.293104	293.295769	293.293104	293.298864	0.00576025171	0.00494933983	0	85.9	0	0	3
232	69	0	3.63523515	293.292912	293.295583	293.292912	293.298707	0.00579501864	0.00494933983	0	85.4	0	0	3
233	70	0	3.65090427	293.292849	293.295399	293.292849	293.298393	0.00554458424	0.00494933983	0	89.2	0	0	3
234	70	0	3.66657339	293.292629	293.295219	293.292629	293.298261	0.00563198582	0.00494933983	0	87.8	0	0	3
235	70	0	3.6822425	293.29256	293.295041	293.29256	293.297992	0.00543271317	0.00494933983	0	91.1	0	0	3
236	70	0	3.69791162	293.292373	293.294866	293.292373	293.29783	0.00545787859	0.00494933983	0	90.6	0	0	3
237	70	0	3.71358074	293.292315	293.294693	293.292315	293.297542	0.0052270353	0.00494933983	0	94.6	0	0	3
238	71	0	3.72924985	293.29212	293.294524	293.29212	293.297388	0.00526807556	0.00494933983	0	93.9	0	0	3
239	71	0	3.74491897	293.292087	293.294358	293.292087	293.297109	0.00502253464	0.00494933983	0	98.5	0	0	3
240	71	0	3.76058809	293.291905	293.294195	293.291905	293.296963	0.00505829024	0.00494933983	0	97.8	0	0	3
241	71	0	3.7762572	293.291861	293.294036	293.291861	293.296661	0.00479982285	0.00494933983	0	100	0	0	3
