Iteration	CPUTime	PhysTime	Travels	Value	AvValue	MinValue	MaxValue	Delta	Criteria	PrevAvRefValue	Progress	CriteriaType	CriteriaVarType	CriteriaPercentage
1	1	0	0.015669117	0.157375212	0.157375212	0.157375212	0.157375212	0	0	0	0	0	0	3
2	2	0	0.0313382341	0.832774851	0.495075031	0.157375212	0.832774851	0.337699819	0	0	0	0	0	3
3	2	0	0.0470073511	1.32084797	0.770332678	0.157375212	1.32084797	0.612957466	0	0	0	0	0	3
4	2	0	0.0626764681	2.07022839	1.09530661	0.157375212	2.07022839	0.937931394	0	0	0	0	0	3
5	2	0	0.0783455852	3.44425488	1.56509626	0.157375212	3.44425488	1.40772105	0	0	0	0	0	3
6	2	0	0.0940147022	5.66287305	2.24805906	0.157375212	5.66287305	2.09068385	0	0	0	0	0	3
7	3	0	0.109683819	9.31926254	3.25823098	0.157375212	9.31926254	3.10085577	0	0	0	0	0	3
8	3	0	0.125352936	14.0359135	4.6054413	0.157375212	14.0359135	4.44806609	0	0	0	0	0	3
9	3	0	0.141022053	20.0891042	6.32584829	0.157375212	20.0891042	6.16847308	0	0	0	0	0	3
10	4	0	0.15669117	27.2832394	8.4215874	0.157375212	27.2832394	8.26421219	0	0	0	0	0	3
11	4	0	0.172360287	80.4303277	14.9678365	0.157375212	80.4303277	14.8104613	0	0	0	0	0	3
12	4	0	0.188029404	109.696073	22.8618563	0.157375212	109.696073	22.7044811	0	0	0	0	0	3
13	4	0	0.203698521	124.812742	30.7042321	0.157375212	124.812742	30.5468569	0	0	0	0	0	3
14	4	0	0.219367638	130.378454	37.8238193	0.157375212	130.378454	37.6664441	0	0	0	0	0	3
15	5	0	0.235036755	131.036665	44.038009	0.157375212	131.036665	43.8806338	0	0	0	0	0	3
16	5	0	0.250705873	131.148135	49.4823919	0.157375212	131.148135	49.3250167	0	0	0	0	0	3
17	5	0	0.26637499	130.917056	54.2726663	0.157375212	131.148135	54.1152911	0	0	0	0	0	3
18	5	0	0.282044107	131.395431	58.5572643	0.157375212	131.395431	58.3998891	0	0	0	0	0	3
19	5	0	0.297713224	131.47114	62.3948367	0.157375212	131.47114	62.2374615	0	0	0	0	0	3
20	6	0	0.313382341	131.590389	65.8546144	0.157375212	131.590389	65.6972392	0	0	0	0	0	3
21	6	0	0.329051458	131.55634	68.983268	0.157375212	131.590389	68.8258928	0	0	0	0	0	3
22	6	0	0.344720575	131.303375	71.8160001	0.157375212	131.590389	71.6586249	0	0	0	0	0	3
23	6	0	0.360389692	131.590007	74.41487	0.157375212	131.590389	74.2574948	0	0	0	0	0	3
24	6	0	0.376058809	131.416317	76.7899303	0.157375212	131.590389	76.6325551	0	0	0	0	0	3
25	7	0	0.391727926	131.896862	78.9942076	0.157375212	131.896862	78.8368323	0	0	0	0	0	3
26	7	0	0.407397043	131.29408	81.0057411	0.157375212	131.896862	80.8483659	0	0	0	0	0	3
27	7	0	0.42306616	131.746464	82.8850271	0.157375212	131.896862	82.7276519	0	0	0	0	0	3
28	7	0	0.438735277	131.590106	84.6244943	0.157375212	131.896862	84.467119	0	0	0	0	0	3
29	7	0	0.454404394	131.863189	86.2534148	0.157375212	131.896862	86.0960396	0	0	0	0	0	3
30	8	0	0.470073511	131.787334	87.7712121	0.157375212	131.896862	87.6138368	0	0	0	0	0	3
31	8	0	0.485742628	131.303355	89.1754747	0.157375212	131.896862	89.0180995	0	0	0	0	0	3
32	8	0	0.501411745	131.647443	90.5027238	0.157375212	131.896862	90.3453485	0	0	0	0	0	3
33	8	0	0.517080862	131.600734	94.6103287	0.832774851	131.896862	94.1152537	0	0	0	0	0	3
34	8	0	0.532749979	131.717943	98.7004902	1.32084797	131.896862	97.9301575	0	0	0	0	0	3
35	9	0	0.548419096	131.762255	102.776784	2.07022839	131.896862	101.681478	0	0	0	0	0	3
36	9	0	0.564088213	131.009424	106.806134	3.44425488	131.896862	105.241038	0	0	0	0	0	3
37	9	0	0.57975733	131.594798	110.810839	5.66287305	131.896862	108.562779	0	0	0	0	0	3
38	9	0	0.595426447	131.313365	114.737416	9.31926254	131.896862	111.479185	0	0	0	0	0	3
39	10	0	0.611095564	127.574572	118.432895	14.0359135	131.896862	113.827453	0	0	0	0	0	3
40	10	0	0.626764681	131.037931	122.089208	20.0891042	131.896862	111.807758	0	0	0	0	0	3
41	10	0	0.642433798	131.611251	125.574275	27.2832394	131.896862	104.613623	0	0	0	0	0	3
42	10	0	0.658102915	131.537431	128.832218	80.4303277	131.896862	51.4665346	0	0	0	0	0	3
43	11	0	0.673772032	128.614713	130.33798	109.696073	131.896862	22.2007889	0	0	0	0	0	3
44	11	0	0.689441149	131.588306	131.022113	124.812742	131.896862	7.08412062	0	0	0	0	0	3
45	11	0	0.705110266	129.740833	131.176116	127.574572	131.896862	4.32229007	0	0	0	0	0	3
46	12	0	0.720779384	128.583151	131.120012	127.574572	131.896862	4.32229007	0	0	0	0	0	3
47	12	0	0.736448501	131.817188	131.144404	127.574572	131.896862	4.32229007	0	0	0	0	0	3
48	12	0	0.752117618	130.352661	131.119545	127.574572	131.896862	4.32229007	0	0	0	0	0	3
49	29	0	0.767786735	131.894763	131.150098	127.574572	131.896862	4.32229007	0	0	0	0	0	3
50	29	0	0.783455852	132.159948	131.17399	127.574572	132.159948	4.58537608	0	0	0	0	0	3
51	30	0	0.799124969	133.650916	131.242108	127.574572	133.650916	6.07634391	0	0	0	0	0	3
52	30	0	0.814794086	134.59291	131.335936	127.574572	134.59291	7.01833779	0	0	0	0	0	3
53	30	0	0.830463203	132.925657	131.378728	127.574572	134.59291	7.01833779	0	0	0	0	0	3
54	31	0	0.84613232	136.794117	131.550313	127.574572	136.794117	9.21954429	0	0	0	0	0	3
55	31	0	0.861801437	138.036105	131.751754	127.574572	138.036105	10.4615328	0	0	0	0	0	3
56	31	0	0.877470554	133.677951	131.82243	127.574572	138.036105	10.4615328	0	0	0	0	0	3
57	31	0	0.893139671	140.466899	132.090244	127.574572	140.466899	12.8923271	0	0	0	0	0	3
58	32	0	0.908808788	134.041753	132.176108	127.574572	140.466899	12.8923271	0	0	0	0	0	3
59	32	0	0.924477905	139.18889	132.408684	127.574572	140.466899	12.8923271	0	0	0	0	0	3
60	32	0	0.940147022	134.020122	132.484622	127.574572	140.466899	12.8923271	0	0	0	0	0	3
61	33	0	0.955816139	133.90678	132.548484	127.574572	140.466899	12.8923271	0	0	0	0	0	3
62	33	0	0.971485256	141.535185	132.853105	127.574572	141.535185	13.9606125	0	0	0	0	0	3
63	33	0	0.987154373	134.453858	132.951558	127.574572	141.535185	13.9606125	0	0	0	0	0	3
64	33	0	1.00282349	142.151646	133.279814	127.574572	142.151646	14.5770737	4.22492394	0	28.9	0	0	3
65	34	0	1.01849261	134.685071	133.3762	127.574572	142.151646	14.5770737	4.22492394	0	28.9	0	0	3
66	34	0	1.03416172	134.070661	133.449722	127.574572	142.151646	14.5770737	4.22492394	0	28.9	0	0	3
67	34	0	1.04983084	142.591507	133.788136	127.574572	142.591507	15.0169346	4.22492394	0	28.1	0	0	3
68	35	0	1.06549996	134.750929	133.905058	127.574572	142.591507	15.0169346	4.22492394	0	28.1	0	0	3
69	35	0	1.08116908	142.953406	134.260015	127.574572	142.953406	15.3788341	4.22492394	0	27.4	0	0	3
70	35	0	1.09683819	134.88171	134.371526	127.574572	142.953406	15.3788341	4.22492394	0	27.4	0	0	3
71	36	0	1.11250731	144.048878	134.886348	128.583151	144.048878	12.7971399	4.22492394	0	33	0	0	3
72	36	0	1.12817643	135.180645	135.015808	128.583151	144.048878	9.44153267	4.22492394	0	44.7	0	0	3
73	36	0	1.14384554	144.840527	135.429222	128.583151	144.840527	6.59700406	4.22492394	0	64	0	0	3
74	36	0	1.15951466	135.444119	135.551306	128.583151	144.840527	5.21332604	4.22492394	0	81	0	0	3
75	37	0	1.17518378	144.889777	136.059902	128.583151	144.889777	5.03778956	4.22492394	0	83.8	0	0	3
76	37	0	1.19085289	135.669897	136.187452	128.583151	144.889777	5.06790686	4.22492394	0	83.3	0	0	3
77	37	0	1.20652201	144.62199	136.652488	128.583151	144.889777	5.53294302	4.22492394	0	76.3	0	0	3
78	37	0	1.22219113	145.341933	137.1762	130.352661	145.341933	6.05665495	4.22492394	0	69.7	0	0	3
79	38	0	1.23786025	135.064347	137.277674	130.352661	145.341933	6.15812866	4.22492394	0	68.6	0	0	3
80	38	0	1.25352936	139.941183	137.577315	131.894763	145.341933	6.42721661	4.22492394	0	65.7	0	0	3
81	38	0	1.26919848	145.086028	137.989542	132.159948	145.341933	6.81555245	4.22492394	0	61.9	0	0	3
82	38	0	1.2848676	145.812704	138.416191	132.925657	145.812704	7.17408306	4.22492394	0	58.8	0	0	3
83	38	0	1.30053671	134.940535	138.456491	132.925657	145.812704	7.12055487	4.22492394	0	59.3	0	0	3
84	39	0	1.31620583	139.126941	138.59818	132.925657	145.812704	7.21945218	4.22492394	0	58.5	0	0	3
85	39	0	1.33187495	143.461621	138.927429	133.677951	145.812704	7.37711539	4.22492394	0	57.2	0	0	3
86	39	0	1.34754406	142.984631	139.120882	133.677951	145.812704	7.36912841	4.22492394	0	57.3	0	0	3
87	39	0	1.36321318	134.307683	139.004369	133.677951	145.812704	7.29845234	4.22492394	0	57.8	0	0	3
88	39	0	1.3788823	136.954334	139.106756	133.90678	145.812704	7.03063868	4.22492394	0	60	0	0	3
89	40	0	1.39455142	141.121639	139.127217	133.90678	145.812704	6.95110829	4.22492394	0	60.7	0	0	3
90	40	0	1.41022053	140.659139	139.33401	133.90678	145.812704	6.9253258	4.22492394	0	61	0	0	3
91	40	0	1.42588965	132.920139	139.138111	132.920139	145.812704	6.8493878	4.22492394	0	61.6	0	0	3
92	40	0	1.44155877	135.424554	139.182	132.920139	145.812704	6.78552558	4.22492394	0	62.2	0	0	3
93	40	0	1.45722788	140.928286	139.401422	132.920139	145.812704	6.54831733	4.22492394	0	64.5	0	0	3
94	41	0	1.472897	140.471278	139.368175	132.920139	145.812704	6.44986411	4.22492394	0	65.5	0	0	3
95	41	0	1.48856612	144.902735	139.694702	132.920139	145.812704	6.41488807	4.22492394	0	65.8	0	0	3
96	41	0	1.50423524	143.11773	139.724892	132.920139	145.812704	6.34869267	4.22492394	0	66.5	0	0	3
97	41	0	1.51990435	134.600824	139.72226	132.920139	145.812704	6.27517023	4.22492394	0	67.3	0	0	3
98	41	0	1.53557347	136.922894	139.811392	132.920139	145.812704	6.02325568	4.22492394	0	70.1	0	0	3
99	42	0	1.55124259	141.996945	139.792812	132.920139	145.812704	5.90633366	4.22492394	0	71.5	0	0	3
100	42	0	1.5669117	140.119876	139.960592	132.920139	145.812704	5.70057669	4.22492394	0	74.1	0	0	3
101	42	0	1.58258082	144.435874	140.006919	132.920139	145.812704	5.635393	4.22492394	0	74.9	0	0	3
102	43	0	1.59824994	141.580528	140.216257	132.920139	145.812704	5.32990899	4.22492394	0	79.2	0	0	3
103	43	0	1.61391905	134.494047	139.917668	132.920139	145.812704	5.20044915	4.22492394	0	81.2	0	0	3
104	43	0	1.62958817	135.200557	139.91829	132.920139	145.812704	4.78703428	4.22492394	0	88.2	0	0	3
105	43	0	1.64525729	142.080659	139.832045	132.920139	145.812704	4.66495026	4.22492394	0	90.5	0	0	3
106	43	0	1.66092641	138.967088	139.942137	132.920139	145.812704	4.15635449	4.22492394	0	100	0	0	3
107	44	0	1.67659552	144.36428	139.925716	132.920139	145.812704	4.02880475	4.22492394	0	100	0	0	3
108	44	0	1.69226464	141.081969	140.094843	132.920139	145.812704	3.56376859	4.22492394	0	100	0	0	3
109	44	0	1.70793376	134.508596	139.778799	132.920139	145.812704	3.04005665	4.22492394	0	100	0	0	3
110	44	0	1.72360287	134.708714	139.446511	132.920139	145.812704	2.93858295	4.22492394	0	100	0	0	3
111	44	0	1.73927199	141.298169	139.641318	132.920139	145.812704	2.63894165	4.22492394	0	100	0	0	3
112	45	0	1.75494111	137.740843	139.572557	132.920139	145.812704	2.22671463	4.22492394	0	100	0	0	3
113	45	0	1.77061022	142.842186	139.502437	132.920139	145.812704	1.80006603	4.22492394	0	100	0	0	3
114	45	0	1.78627934	139.439926	139.303288	132.920139	144.902735	1.75976545	4.22492394	0	100	0	0	3
115	45	0	1.80194846	144.790118	139.611088	132.920139	144.902735	1.61807697	4.22492394	0	100	0	0	3
116	45	0	1.81761758	140.417803	139.651427	132.920139	144.902735	1.28882811	4.22492394	0	100	0	0	3
117	46	0	1.83328669	144.850141	139.694818	132.920139	144.902735	1.21188771	4.22492394	0	100	0	0	3
118	46	0	1.84895581	141.376353	139.64456	132.920139	144.902735	1.21188771	4.22492394	0	100	0	0	3
119	46	0	1.86462493	134.943926	139.664442	132.920139	144.902735	1.10950074	4.22492394	0	100	0	0	3
120	46	0	1.88029404	134.444325	139.586004	132.920139	144.902735	1.08904013	4.22492394	0	100	0	0	3
121	46	0	1.89596316	133.705847	139.354261	132.920139	144.902735	1.07814527	4.22492394	0	100	0	0	3
122	47	0	1.91163228	132.655551	139.104149	132.655551	144.902735	1.11210796	4.22492394	0	100	0	0	3
123	47	0	1.9273014	138.794596	139.287726	132.655551	144.902735	1.11210796	4.22492394	0	100	0	0	3
124	47	0	1.94297051	135.567594	139.292196	132.655551	144.902735	1.11210796	4.22492394	0	100	0	0	3
125	47	0	1.95863963	139.929293	139.260977	132.655551	144.902735	1.11210796	4.22492394	0	100	0	0	3
126	47	0	1.97430875	137.580339	139.170635	132.655551	144.902735	1.11210796	4.22492394	0	100	0	0	3
127	48	0	1.98997786	141.269054	139.057083	132.655551	144.850141	1.15917409	4.22492394	0	100	0	0	3
128	48	0	2.00564698	138.452413	138.911291	132.655551	144.850141	1.30496525	4.22492394	0	100	0	0	3
129	48	0	2.0213161	134.230857	138.89973	132.655551	144.850141	1.31652672	4.22492394	0	100	0	0	3
130	48	0	2.03698521	133.586911	138.795481	132.655551	144.850141	1.42077617	4.22492394	0	100	0	0	3
131	48	0	2.05265433	138.103414	138.673808	132.655551	144.850141	1.54244901	4.22492394	0	100	0	0	3
132	49	0	2.06832345	136.979606	138.575674	132.655551	144.850141	1.64058245	4.22492394	0	100	0	0	3
133	49	0	2.08399257	133.675381	138.239409	132.655551	144.850141	1.97684785	4.22492394	0	100	0	0	3
134	49	0	2.09966168	134.417784	138.015573	132.655551	144.850141	2.07926967	4.22492394	0	100	0	0	3
135	49	0	2.1153308	138.287862	138.13413	132.655551	144.850141	2.07926967	4.22492394	0	100	0	0	3
136	49	0	2.13099992	135.114915	138.131454	132.655551	144.850141	2.07926967	4.22492394	0	100	0	0	3
137	50	0	2.14666903	139.891644	138.063047	132.655551	144.850141	2.07926967	4.22492394	0	100	0	0	3
138	50	0	2.16233815	133.015675	137.877065	132.655551	144.850141	2.21777763	4.22492394	0	100	0	0	3
139	50	0	2.17800727	140.498914	137.756272	132.655551	144.850141	2.33857032	4.22492394	0	100	0	0	3
140	50	0	2.19367638	133.00026	137.503719	132.655551	144.850141	2.27508014	4.22492394	0	100	0	0	3
141	51	0	2.2093455	133.463409	137.471057	132.655551	144.850141	2.22376125	4.22492394	0	100	0	0	3
142	51	0	2.22501462	131.768112	137.379163	131.768112	144.850141	2.31565509	4.22492394	0	100	0	0	3
143	51	0	2.24068374	133.098476	137.122923	131.768112	144.850141	2.5718955	4.22492394	0	100	0	0	3
144	51	0	2.25635285	131.208793	136.918796	131.208793	144.850141	2.77602207	4.22492394	0	100	0	0	3
145	51	0	2.27202197	136.59244	136.723492	131.208793	144.850141	2.97132664	4.22492394	0	100	0	0	3
146	52	0	2.28769109	134.889339	136.581286	131.208793	144.850141	3.1135325	4.22492394	0	100	0	0	3
147	52	0	2.3033602	132.623111	136.201067	131.208793	144.850141	3.49375147	4.22492394	0	100	0	0	3
148	52	0	2.31902932	130.334199	135.885954	130.334199	144.850141	3.8088641	4.22492394	0	100	0	0	3
149	52	0	2.33469844	135.854642	135.604845	130.334199	141.376353	4.05959733	4.22492394	0	100	0	0	3
150	52	0	2.35036755	132.347015	135.322678	130.334199	141.269054	4.34176414	4.22492394	0	97.3	0	0	3
151	53	0	2.36603667	137.103436	135.390163	130.334199	141.269054	4.26332638	4.22492394	0	99	0	0	3
152	53	0	2.38170579	134.017794	135.376834	130.334199	141.269054	4.0315829	4.22492394	0	100	0	0	3
153	53	0	2.39737491	133.264267	135.363034	130.334199	141.269054	3.96951755	4.22492394	0	100	0	0	3
154	53	0	2.41304402	130.873629	135.307349	130.334199	141.269054	3.98484645	4.22492394	0	100	0	0	3
155	53	0	2.42871314	132.849847	135.121576	130.334199	141.269054	4.17061986	4.22492394	0	100	0	0	3
156	54	0	2.44438226	131.06941	134.981007	130.334199	141.269054	4.2799696	4.22492394	0	98.7	0	0	3
157	54	0	2.46005137	132.952916	134.762996	130.334199	141.269054	4.40763953	4.22492394	0	95.8	0	0	3
158	54	0	2.47572049	130.48665	134.541318	130.334199	141.269054	4.51576476	4.22492394	0	93.5	0	0	3
159	54	0	2.49138961	135.932331	134.374545	130.334199	140.498914	4.53674619	4.22492394	0	93.1	0	0	3
160	54	0	2.50705873	131.653061	134.162066	130.334199	140.498914	4.73766445	4.22492394	0	89.1	0	0	3
161	55	0	2.52272784	136.903009	134.24557	130.334199	140.498914	4.633415	4.22492394	0	91.1	0	0	3
162	55	0	2.53839696	133.050831	134.228818	130.334199	140.498914	4.51174216	4.22492394	0	93.6	0	0	3
163	55	0	2.55406608	137.687384	134.215817	130.334199	140.498914	4.41360872	4.22492394	0	95.7	0	0	3
164	55	0	2.56973519	133.879293	134.118932	130.334199	140.498914	4.1204768	4.22492394	0	100	0	0	3
165	55	0	2.58540431	138.978663	134.28466	130.334199	140.498914	4.01519778	4.22492394	0	100	0	0	3
166	56	0	2.60107343	134.872364	134.298865	130.334199	140.498914	4.01519778	4.22492394	0	100	0	0	3
167	56	0	2.61674254	139.418188	134.334188	130.334199	140.498914	4.01252146	4.22492394	0	100	0	0	3
168	56	0	2.63241166	135.417105	134.343631	130.334199	140.498914	3.94411474	4.22492394	0	100	0	0	3
169	56	0	2.64808078	133.358409	134.139468	130.334199	140.498914	3.75813308	4.22492394	0	100	0	0	3
170	57	0	2.6637499	132.056801	134.109503	130.334199	140.498914	3.64676945	4.22492394	0	100	0	0	3
171	57	0	2.67941901	133.043769	133.87653	130.334199	139.418188	3.62718931	4.22492394	0	100	0	0	3
172	57	0	2.69508813	132.058482	133.847099	130.334199	139.418188	3.62395777	4.22492394	0	100	0	0	3
173	57	0	2.71075725	136.646134	133.946559	130.334199	139.418188	3.53206393	4.22492394	0	100	0	0	3
174	57	0	2.72642636	133.223033	133.992026	130.334199	139.418188	3.27582353	4.22492394	0	100	0	0	3
175	58	0	2.74209548	133.128531	133.992965	130.334199	139.418188	3.07169695	4.22492394	0	100	0	0	3
176	58	0	2.7577646	130.568878	133.972968	130.334199	139.418188	2.87639238	4.22492394	0	100	0	0	3
177	58	0	2.77343371	132.872374	133.856716	130.334199	139.418188	2.73418652	4.22492394	0	100	0	0	3
178	58	0	2.78910283	130.264624	133.712193	130.264624	139.418188	2.48887358	4.22492394	0	100	0	0	3
179	58	0	2.80477195	135.842171	133.812789	130.264624	139.418188	2.17376095	4.22492394	0	100	0	0	3
180	59	0	2.82044107	131.126126	133.837537	130.264624	139.418188	1.89265162	4.22492394	0	100	0	0	3
181	59	0	2.83611018	137.532683	133.889975	130.264624	139.418188	1.67796949	4.22492394	0	100	0	0	3
182	59	0	2.8517793	132.286426	133.888082	130.264624	139.418188	1.67796949	4.22492394	0	100	0	0	3
183	59	0	2.86744842	138.35772	133.927278	130.264624	139.418188	1.66464039	4.22492394	0	100	0	0	3
184	59	0	2.88311753	132.881582	133.891772	130.264624	139.418188	1.65084099	4.22492394	0	100	0	0	3
185	60	0	2.89878665	138.805732	134.064942	130.264624	139.418188	1.5951559	4.22492394	0	100	0	0	3
186	60	0	2.91445577	132.537522	134.116939	130.264624	139.418188	1.40938249	4.22492394	0	100	0	0	3
187	60	0	2.93012489	138.464629	134.292401	130.264624	139.418188	1.26881424	4.22492394	0	100	0	0	3
188	60	0	2.945794	133.319675	134.362722	130.264624	139.418188	1.05080246	4.22492394	0	100	0	0	3
189	60	0	2.96146312	133.396199	134.376574	130.264624	139.418188	0.829124691	4.22492394	0	100	0	0	3
190	61	0	2.97713224	129.14975	134.334796	129.14975	139.418188	0.66438126	4.22492394	0	100	0	0	3
191	61	0	2.99280135	136.242269	134.344482	129.14975	139.418188	0.66438126	4.22492394	0	100	0	0	3
192	61	0	3.00847047	130.528136	134.309328	129.14975	139.418188	0.66438126	4.22492394	0	100	0	0	3
193	61	0	3.02413959	137.484851	134.327511	129.14975	139.418188	0.66438126	4.22492394	0	100	0	0	3
194	61	0	3.0398087	131.158874	134.268387	129.14975	139.418188	0.66438126	4.22492394	0	100	0	0	3
195	62	0	3.05547782	133.160713	134.126928	129.14975	139.418188	0.66438126	4.22492394	0	100	0	0	3
196	62	0	3.07114694	128.806694	133.96841	128.806694	139.418188	0.66438126	4.22492394	0	100	0	0	3
197	62	0	3.08681606	135.58274	133.862287	128.806694	139.418188	0.66438126	4.22492394	0	100	0	0	3
198	62	0	3.10248517	131.912814	133.769801	128.806694	139.418188	0.66438126	4.22492394	0	100	0	0	3
199	62	0	3.11815429	133.073472	133.571529	128.806694	138.805732	0.805045665	4.22492394	0	100	0	0	3
200	63	0	3.13382341	128.589179	133.358156	128.589179	138.805732	1.01841837	4.22492394	0	100	0	0	3
201	63	0	3.14949252	135.10403	133.412707	128.589179	138.805732	1.01841837	4.22492394	0	100	0	0	3
202	63	0	3.16516164	129.568584	133.33495	128.589179	138.805732	1.04162449	4.22492394	0	100	0	0	3
203	64	0	3.18083076	136.097217	133.43037	128.589179	138.805732	1.04162449	4.22492394	0	100	0	0	3
204	64	0	3.19649987	131.909828	133.425725	128.589179	138.805732	1.04162449	4.22492394	0	100	0	0	3
205	64	0	3.21216899	133.1963	133.317917	128.589179	138.805732	1.05865699	4.22492394	0	100	0	0	3
206	64	0	3.22783811	131.817317	133.273989	128.589179	138.805732	1.10258561	4.22492394	0	100	0	0	3
207	64	0	3.24350723	132.960367	133.268734	128.589179	138.805732	1.10784075	4.22492394	0	100	0	0	3
208	65	0	3.25917634	128.182959	133.194174	128.182959	138.805732	1.18240071	4.22492394	0	100	0	0	3
209	65	0	3.27484546	134.787945	133.254035	128.182959	138.805732	1.18240071	4.22492394	0	100	0	0	3
210	65	0	3.29051458	128.796178	133.208146	128.182959	138.805732	1.18240071	4.22492394	0	100	0	0	3
211	65	0	3.30618369	135.663699	133.202569	128.182959	138.805732	1.18240071	4.22492394	0	100	0	0	3
212	65	0	3.32185281	131.839392	133.224859	128.182959	138.805732	1.18240071	4.22492394	0	100	0	0	3
213	66	0	3.33752193	137.500187	133.223843	128.182959	138.805732	1.18240071	4.22492394	0	100	0	0	3
214	66	0	3.35319105	131.406572	133.196348	128.182959	138.805732	1.18240071	4.22492394	0	100	0	0	3
215	66	0	3.36886016	137.35752	133.165092	128.182959	138.805732	1.21148293	4.22492394	0	100	0	0	3
216	66	0	3.38452928	131.536646	133.123062	128.182959	138.805732	1.25351219	4.22492394	0	100	0	0	3
217	66	0	3.4001984	137.244056	133.07426	128.182959	138.464629	1.30231455	4.22492394	0	100	0	0	3
218	67	0	3.41586751	131.867582	133.053324	128.182959	138.464629	1.32325017	4.22492394	0	100	0	0	3
219	67	0	3.43153663	137.653367	133.027972	128.182959	137.653367	1.34860212	4.22492394	0	100	0	0	3
220	67	0	3.44720575	132.18359	132.99247	128.182959	137.653367	1.38410477	4.22492394	0	100	0	0	3
221	67	0	3.46287486	133.461656	132.994515	128.182959	137.653367	1.3520122	4.22492394	0	100	0	0	3
222	67	0	3.47854398	128.118489	132.962288	128.118489	137.653367	1.38219355	4.22492394	0	100	0	0	3
223	68	0	3.4942131	135.711885	132.945714	128.118489	137.653367	1.38179673	4.22492394	0	100	0	0	3
224	68	0	3.50988222	129.222731	132.90492	128.118489	137.653367	1.42259065	4.22492394	0	100	0	0	3
225	68	0	3.52555133	136.481088	132.873552	128.118489	137.653367	1.39483456	4.22492394	0	100	0	0	3
226	68	0	3.54122045	129.775106	132.83031	128.118489	137.653367	1.29661884	4.22492394	0	100	0	0	3
227	68	0	3.55688957	136.936866	132.948314	128.118489	137.653367	1.13810011	4.22492394	0	100	0	0	3
228	69	0	3.57255868	130.19522	132.991706	128.118489	137.653367	1.03197751	4.22492394	0	100	0	0	3
229	69	0	3.5882278	136.859044	133.03159	128.118489	137.653367	0.939491579	4.22492394	0	100	0	0	3
230	69	0	3.60389692	132.002449	133.034391	128.118489	137.653367	0.741219209	4.22492394	0	100	0	0	3
231	69	0	3.61956603	133.25243	133.039984	128.118489	137.653367	0.600060631	4.22492394	0	100	0	0	3
232	69	0	3.63523515	131.987176	133.146171	128.118489	137.653367	0.600060631	4.22492394	0	100	0	0	3
233	70	0	3.65090427	137.162006	133.210483	128.118489	137.653367	0.600060631	4.22492394	0	100	0	0	3
234	70	0	3.66657339	132.067845	133.288585	128.118489	137.653367	0.600060631	4.22492394	0	100	0	0	3
235	70	0	3.6822425	133.076544	133.194189	128.118489	137.653367	0.595415185	4.22492394	0	100	0	0	3
236	70	0	3.69791162	131.939265	133.195109	128.118489	137.653367	0.487607883	4.22492394	0	100	0	0	3
237	70	0	3.71358074	136.997688	133.313902	128.118489	137.653367	0.483592518	4.22492394	0	100	0	0	3
238	71	0	3.72924985	132.221399	133.32653	128.118489	137.653367	0.496220059	4.22492394	0	100	0	0	3
239	71	0	3.74491897	137.704915	133.474797	128.118489	137.704915	0.644487178	4.22492394	0	100	0	0	3
240	71	0	3.76058809	132.220033	133.600955	128.118489	137.704915	0.770645734	4.22492394	0	100	0	0	3
241	71	0	3.7762572	137.586233	133.688402	128.118489	137.704915	0.858092226	4.22492394	0	100	0	0	3
